body_name baby
number_of_vertexes 299
number_of_polygons 277
number_of_colors 5
vertex_record x(float) y(float) z(float)
polygon_record number_of_vertexes(integer) index_of_vertex(integer) ... 
color_record red_intensity(float) green_intensity(float) blue_intensity(float)
color_index_record index_of_color(integer)
end_header
0.897024 -2.31026 -1.23096
0.257626 -1.05547 1.28294
0.875006 -2.34709 1.62065
0.796482 0.606764 2.10128
-0.668743 -2.33921 1.58157
-0.853325 -2.28347 -2.15304
3.19324e-7 0.653835 -0.652758
1.44765 -1.69498 -2.21264
0.802037 0.161034 -1.36658
-5.4623e-7 1.37398 2.9602
0.826935 -1.31273 -1.09615
-0.197429 -0.165886 3.1374
0.399044 -0.720619 1.18916
-1.39226 -2.40872 1.35058
1.57656 -1.98758 -2.76055
-0.890776 -1.31638 -1.96343
-0.197429 -0.165886 2.9174
0.333237 -0.301696 2.75223
1.298 -0.620669 -1.23283
1.388 -1.72769 -1.1852
-1.00924e-6 0.432985 2.83408
-1.26109 -2.37924 0.95985
-1.16783 -1.28994 1.03359
-0.621262 -2.1535 0.71361
0.673762 0.499885 2.46409
-0.7134 -2.12191 -2.56028
1.21963 0.464425 1.36149
1.36703 0.478234 1.31424
-9.95007e-7 0.588964 2.8039
-0.291044 -1.72848 -1.88021
-1.06427 -2.42622 -1.60132
-0.257626 -1.05547 1.28294
-1.03127e-6 0.0697344 2.80639
-0.98225 -1.25663 -1.74857
-0.717205 -0.0234758 0.67833
0.308796 -2.15351 1.18582
1.24232 -1.59424 -2.61678
-1.18567 -2.41086 0.70047
0.323972 -1.66327 -2.32327
-0.935439 -2.09929 1.38803
0.516627 -0.526316 2.36874
-0.609074 -2.1091 1.24743
-1.0 -0.306916 -0.654674
-0.478213 0.491354 2.2035
-1.03326 -0.408976 2.29152
-0.261151 0.292695 2.17814
-1.39227 0.782314 0.120707
-1.23589 2.02923 0.0422935
-0.380694 -1.72529 -1.98465
0.606958 0.385834 2.52388
0.151544 1.02212 2.31312
-1.15669 -2.34608 1.11543
-1.28485 1.30641 2.34615
0.853325 -2.28347 -2.15304
-0.581599 -0.209726 -2.46413
0.679859 -2.01271 1.13109
0.154317 0.551194 2.67786
0.581599 -0.209726 -2.46413
-0.534093 0.639564 2.58911
0.810228 -1.17817 -2.37521
1.2602 -2.14719 1.14809
-0.175408 0.632644 2.5356
1.28485 1.30641 2.34616
1.1326 -2.03764 0.9941
0.333237 0.364784 2.90631
0.113288 -0.0817458 2.61797
0.508239 -2.12524 1.06994
1.13764 -0.194756 1.38855
-1.19657 -2.18612 0.67384
1.02421 0.199794 0.60271
-0.189695 -0.158146 2.74114
0.724567 -2.08735 1.33778
1.06447 -2.32846 1.25884
-0.91658 0.257254 2.31312
-1.13764 -0.194756 1.38855
-1.01822e-6 0.354814 2.74982
1.06427 -2.42622 -1.60132
-1.71305 -2.07555 -2.3043
-0.978918 -2.35164 1.60537
-0.197429 0.228974 3.1374
-0.189695 0.221244 2.74114
-1.16026 -0.0147556 1.07863
-1.20214 -2.14874 1.57216
-0.482392 0.864325 2.31449
0.913754 -2.31392 1.31875
0.935439 -2.09929 1.38803
0.197429 0.228974 3.1374
1.00625 -1.30934 -1.74838
1.44348 -2.18803 1.35371
-1.38024 -2.42012 1.26062
1.32806 -2.1628 0.96273
-0.323972 -1.66327 -2.32327
-0.872153 -1.3814 0.30344
-1.388 -1.72769 -1.1852
1.08407 0.0575944 1.08881
-0.802037 0.161034 -1.36658
-1.02576 0.504795 2.22536
1.39227 0.782314 0.120709
1.38024 -2.42012 1.26062
-0.113288 -0.0817458 2.61797
-0.363767 -1.83974 -1.15126
-1.14471 0.368634 2.36803
-0.394187 0.499885 2.46409
1.1567 -2.34608 1.11543
1.47638 -2.44791 1.1134
-1.54335 -2.23147 1.11629
0.151544 0.257254 1.69907
-1.45214e-6 0.794485 2.69585
0.890777 -1.31637 -1.96343
-0.116796 0.428445 2.78537
-0.336689 -2.34419 1.18732
0.151544 1.02212 1.69907
-1.21963 0.464425 1.36149
-0.333237 0.364784 2.75223
0.455123 -1.78634 -1.74083
-0.79313 0.0207742 0.38857
-0.826934 -1.31273 -1.09615
0.333237 -0.301696 2.90631
-1.0903 -2.47268 -2.7086
0.720351 -2.3127 1.31459
-0.50824 -2.12524 1.06994
-1.24232 -1.59424 -2.61678
0.91658 1.02212 1.69907
-0.308796 -2.15351 1.18582
-0.262593 0.681904 2.28362
-1.2268 -2.56065 -2.25236
1.26109 -2.37924 0.95985
0.978918 -2.35164 1.60537
-0.364775 0.0484343 2.5777
1.29354 -2.15505 1.48202
-1.57656 -1.98758 -2.76055
-0.672959 -2.11387 1.60476
-0.912907 -1.2004 -2.03489
-0.211839 0.346584 2.66147
-1.22439 0.360364 1.33329
-0.15432 0.551194 2.67786
-1.41054 1.03343 1.27587
0.879221 -2.12175 1.64385
-1.02873 -0.104586 1.44711
0.534093 0.639564 2.58911
0.91658 0.257254 1.69907
-0.394187 0.779494 2.46409
-1.02421 0.199794 0.60271
-1.00863 -2.12795 1.62584
1.08572 -0.0529558 1.39549
-0.724567 -2.08735 1.33778
-0.79313 -0.311506 -0.0541995
-0.875006 -2.34709 1.62065
1.20214 -2.14874 1.57216
0.52892 1.05528 2.53629
1.18567 -2.41086 0.70047
1.14469 0.368634 2.36803
1.16026 -0.0147556 1.07863
-1.44765 -1.69498 -2.21264
-0.113288 0.144834 2.61797
-0.528925 1.05528 2.53629
-0.561704 -1.50942 1.16799
0.409631 -2.13736 1.36331
0.262589 0.681904 2.28362
1.23589 2.02922 0.0422956
-0.266031 -1.60087 0.58009
1.00863 -2.12795 1.62584
-0.79649 0.606764 2.10128
-0.810228 -1.17817 -2.37521
0.98225 -1.25663 -1.74857
-1.298 -0.620669 -1.23283
-1.24231 -2.37573 1.47889
0.636966 -2.29979 1.24893
0.197429 -0.165886 2.9174
0.399044 -0.436526 1.48784
1.54335 -2.23147 1.11629
0.291044 -1.72848 -1.88021
1.71305 -2.07555 -2.3043
-1.32806 -2.1628 0.96273
-1.2602 -2.14719 1.14809
-0.151544 1.02212 2.31312
-1.13318 -2.11823 1.30805
1.44722 -2.20369 1.26351
-0.151544 0.257254 1.69907
0.629214 1.31642 2.92981
-0.673762 0.499885 2.46409
-1.44348 -2.18803 1.35371
0.673762 0.779494 2.46409
1.41054 1.03343 1.27587
1.32798 -0.0197357 1.05624
-0.483176 -1.93732 -1.82912
0.609074 -2.1091 1.24743
-0.151544 1.02212 1.69907
-0.879221 -2.12175 1.64385
1.22438 0.360364 1.33329
-1.17219 2.44289 2.29118
1.16783 -1.28995 1.03359
0.0681724 0.552885 2.7764
0.394187 0.499885 2.46409
0.189695 0.221244 2.74114
1.33466 -0.115856 1.36224
-0.673762 0.779494 2.46409
-1.17243 -2.37243 1.55169
-0.91658 1.02212 1.69907
-1.47638 -2.44791 1.1134
-0.399044 -0.720619 1.18916
-0.333237 -0.301696 2.75223
-2.34598e-8 -0.141146 0.36207
-8.66068e-7 -0.318036 2.6912
0.79313 0.0207742 0.38857
0.26603 -1.60087 0.58009
1.45448 0.243514 1.30256
1.24231 -2.37573 1.47889
1.02575 0.504795 2.22536
-0.516629 -0.526316 2.36874
0.536132 -2.31593 1.07144
0.197429 -0.165886 3.1374
-0.333237 0.364784 2.90631
0.91658 0.257254 2.31312
0.336688 -2.34419 1.18732
1.0903 -2.47268 -2.7086
0.7134 -2.12191 -2.56028
0.912907 -1.2004 -2.03489
0.91658 1.02212 2.31312
0.61036 -2.37824 0.74024
-0.897024 -2.31026 -1.23096
0.261151 -0.229606 2.17814
-1.42786e-6 0.632874 2.73828
0.410201 -0.144486 0.71023
-1.29354 -2.15505 1.48202
-0.197429 0.228974 2.9174
1.2268 -2.56065 -2.25236
0.478208 0.491354 2.2035
0.653218 -1.33473 -2.47747
-0.679859 -2.01271 1.13109
-1.06447 -2.32846 1.25884
-1.44722 -2.20369 1.26351
0.113288 0.144834 2.61797
-1.33466 -0.115856 1.36224
-0.536132 -2.31593 1.07144
-0.0681744 0.552885 2.7764
-0.437522 -2.32805 1.36481
-1.02647 0.0476044 1.02491
0.410201 -0.118376 0.80955
0.733154 0.0438443 2.51147
0.211837 0.346584 2.66147
0.672959 -2.11387 1.60476
-0.409631 -2.13736 1.36331
-0.261151 -0.229606 2.17814
0.261151 0.292695 2.17814
-0.636966 -2.29979 1.24893
-1.45448 0.243514 1.30256
0.175406 0.632644 2.5356
0.189695 -0.158146 2.74114
0.363767 -1.83974 -1.15126
1.17243 -2.37243 1.55169
-1.08572 -0.0529558 1.39548
0.197429 0.228974 2.9174
-0.606963 0.385834 2.52389
-0.399044 -0.436526 1.48784
0.380694 -1.72529 -1.98465
0.151544 0.257254 2.31312
-1.08407 0.0575944 1.0888
-1.1326 -2.03764 0.9941
0.621262 -2.1535 0.71361
0.364773 0.0484343 2.5777
-0.913754 -2.31392 1.31875
-0.91658 1.02212 2.31312
0.116794 0.428445 2.78537
-0.61036 -2.37824 0.74024
-1.58268 -1.87519 -1.58718
1.0 -0.306916 -0.654674
-0.4102 -0.144486 0.71023
-1.32798 -0.0197357 1.05623
0.79313 -0.311516 -0.0541995
-8.29754e-7 2.84403 2.45305
-0.629216 1.31642 2.92981
0.482387 0.864325 2.31449
0.561704 -1.50942 1.16799
-0.4102 -0.118376 0.80955
-0.455123 -1.78634 -1.74083
1.58268 -1.87519 -1.58718
0.872154 -1.3814 0.30344
1.02647 0.0476044 1.02491
-0.151544 0.257254 2.31312
1.39226 -2.40872 1.35058
-0.91658 0.257254 1.69907
0.483176 -1.93732 -1.82912
1.19657 -2.18612 0.67384
-1.36703 0.478234 1.31424
0.437522 -2.32805 1.36481
0.333237 0.364784 2.75223
-0.733158 0.0438443 2.51147
-0.653218 -1.33473 -2.47747
-0.333237 -0.301696 2.90631
-0.720351 -2.3127 1.31458
1.38948e-7 2.37107 -0.201295
1.03325 -0.408976 2.29152
-1.00625 -1.30934 -1.74838
1.02873 -0.104586 1.44712
0.668743 -2.33921 1.58157
1.17219 2.44289 2.29118
1.13318 -2.11823 1.30805
0.394187 0.779494 2.46409
5 297 271 10 180 63
4 273 159 228 4
4 193 29 21 264
4 50 248 261 240
4 136 223 108 62
4 76 21 110 134
4 136 134 110 236
4 209 152 295 27
4 62 156 84 125
5 152 240 261 41 293
3 196 185 207
4 196 207 28 68
4 28 190 145 68
4 261 33 204 41
4 185 196 68 153
4 95 190 28 153
4 254 288 129 62
4 97 156 272 53
3 204 210 41
4 33 129 210 204
4 288 254 97 102
5 129 288 102 45 210
4 224 13 192 205
6 293 41 210 45 255 170
4 135 113 238 258
4 251 149 162 128
4 162 149 298 86
4 239 224 268 275
4 128 162 86 85
4 2 13 201 32
4 281 208 73 104
4 251 128 85 73
4 61 91 284 64
6 298 61 64 56 72 86
4 192 64 284 278
4 72 187 168 120
4 168 187 158 286
4 158 187 67 36
9 104 73 85 120 168 211 220 151 127
4 211 67 260 220
4 215 286 158 36
4 36 67 211 215
4 56 274 206 260
4 9 267 11 19
4 5 132 189 148
3 146 42 230
4 270 267 43 147
4 267 9 96 43
4 20 88 109 11
4 277 8 218 165
4 9 19 229 58
4 96 9 58 55
4 19 11 109 229
4 277 20 1 77
4 77 1 283 115
4 15 37 8 173
4 8 277 77 54
4 77 115 256 54
4 256 218 60 39
4 173 8 54 227
4 217 54 256 39
4 15 173 227 216
4 217 216 227 54
4 43 96 166 117
4 117 16 294 94
4 164 133 49 92
4 94 294 34 266
4 186 221 31 276
4 94 266 31 221
4 49 276 31 6
4 34 133 154 266
4 119 126 78 131
4 276 34 294 186
4 294 16 30 186
4 117 166 289 16
4 166 96 55 289
4 109 88 283 172
4 111 235 121 124
4 116 147 93 23
4 291 246 42 146
4 5 148 262 291
4 83 144 40 177
4 230 157 23 259
4 83 198 79 144
4 262 79 198 231
4 24 121 235 265
4 231 167 14 52
4 93 161 24 69
4 259 23 93 69
4 106 232 175 174
4 175 259 69 174
4 22 174 69 38
4 90 232 106 200
4 200 22 52 90
4 189 132 146 40
4 120 85 3 296
4 208 130 298 73
4 298 149 251 73
3 45 102 139
4 89 130 208 281
4 89 61 298 130
4 171 91 61 178
4 13 224 239 170
4 254 44 163 97
4 145 295 279 95
4 33 76 134 129
4 223 29 193 57
4 63 180 150 209
4 209 150 273 4
5 180 10 108 248 150
4 50 240 152 209
4 63 209 27 184
4 108 223 57 248
4 57 193 264 241
4 21 29 236 110
4 136 236 29 223
4 264 21 76 241
4 248 57 241 261
4 261 241 76 33
5 297 63 184 98 160
4 292 271 297 160
3 295 152 293
4 136 62 129 134
4 190 27 295 145
4 62 125 44 254
4 279 27 190 95
4 44 125 84 163
4 163 84 156 97
5 279 70 98 184 27
4 48 191 271 292
6 295 293 170 239 70 279
4 292 160 98 7
4 113 97 53 137
4 13 170 255 201
4 171 178 99 105
4 201 255 275 268
4 205 192 278 270
4 281 104 61 89
4 178 61 104 99
4 138 86 72 242
4 138 3 85 86
4 138 242 296 3
4 171 105 127 91
4 192 274 56 64
4 127 105 99 104
4 242 72 120 296
3 56 187 72
4 91 127 151 284
6 224 205 270 147 116 268
4 268 116 23 201
6 274 2 32 157 161 206
4 32 201 23 157
4 124 243 237 111
4 243 42 246 237
4 146 132 5 291
4 111 237 246 235
4 148 189 40 262
4 161 157 230 24
4 121 24 230 42
4 40 144 79 262
4 177 225 167 231
6 40 146 230 259 175 177
4 175 182 225 177
4 52 175 232 90
4 106 174 22 200
9 235 246 291 262 231 52 22 38 265
4 24 265 38 69
4 167 225 182 14
4 52 14 182 175
4 83 177 231 198
4 277 165 88 20
6 11 267 270 278 206 250
4 20 11 250 1
4 60 218 8 37
4 1 250 172 283
4 250 206 161 101
6 93 147 43 117 101 161
4 172 250 101 30
4 55 58 229 289
6 30 16 289 229 109 172
4 49 133 34 276
4 186 30 101 221
4 101 117 94 221
4 31 266 154 6
4 92 49 6 26
4 154 133 164 122
4 92 26 122 164
4 6 154 78 126
4 6 126 119 26
4 78 154 122 131
4 131 122 26 119
4 165 218 256 115
4 217 37 15 216
4 60 37 217 39
4 88 165 115 283
4 124 121 42 243
4 278 284 260 206
4 168 286 215 211
4 56 260 67 187
4 284 151 220 260
4 192 13 2 274
4 139 102 97 113
4 135 252 139 113
4 238 139 252 258
4 285 247 234 75
4 258 252 75 82
3 234 247 269
4 75 234 269 82
7 255 45 139 238 143 35 275
5 113 137 47 143 238
5 137 53 191 48 47
4 98 70 203 7
4 48 292 7 47
4 47 7 203 143
6 143 203 70 239 275 35
4 135 285 75 252
4 135 258 82 285
4 247 285 82 269
4 28 207 185 153
4 68 145 95 153
5 271 191 53 272 10
5 10 272 156 62 108
4 50 209 4 228
4 273 150 248 159
4 228 159 248 50
3 59 142 197
4 142 103 280 176
3 59 197 181
4 188 176 280 179
4 280 103 181 74
4 188 179 282 199
4 263 199 282 74
3 142 59 103
4 142 176 263 197
3 103 59 181
4 176 188 199 263
4 179 280 74 282
4 197 263 74 181
3 299 140 183
4 219 51 299 183
3 25 140 194
4 123 219 214 141
4 51 112 107 257
4 25 194 257 214
3 183 140 25
4 219 183 25 214
3 140 299 194
4 123 112 51 219
4 299 51 257 194
4 141 107 112 123
4 214 257 107 141
4 80 87 253 226
4 253 87 212 169
4 87 80 12 212
4 253 65 213 226
4 118 65 253 169
4 213 65 287 114
4 287 65 118 18
4 195 233 155 81
4 17 226 213 290
4 118 290 202 18
4 114 81 71 202
4 66 100 244 222
4 46 245 222 244
4 81 155 100 71
4 17 169 212 12
4 287 195 81 114
4 287 18 249 195
4 80 226 17 12
4 195 249 66 233
4 66 249 71 100
4 233 245 46 155
4 233 66 222 245
4 100 155 46 244
4 18 202 71 249
4 290 213 114 202
4 17 290 118 169
0.956904 0.760835 0.643145
0.952875 0.917592 0.87059
0.0 0.0 0.0
0.0588451 0.854841 0.941155
1.0 1.0 1.0
1
1
1
1
1
1
1
1
1
1
1
1
1
1
1
1
1
1
1
1
1
1
4
1
1
1
1
4
1
4
1
1
1
1
4
1
1
1
1
1
1
1
4
4
1
1
4
4
4
4
4
4
4
4
4
4
4
4
4
4
4
4
4
4
4
4
4
4
4
4
4
4
4
4
4
4
4
1
4
1
1
1
4
1
1
1
1
4
4
1
1
1
1
1
1
1
1
1
1
1
1
1
4
1
1
1
1
1
1
1
1
1
1
1
1
1
1
1
1
1
1
1
1
1
1
1
1
1
1
1
1
1
1
4
1
4
4
1
1
1
1
1
1
4
1
1
1
1
4
4
4
4
1
1
1
1
1
4
1
1
1
1
1
1
1
1
1
1
1
1
4
4
4
4
4
4
4
4
4
4
4
4
4
4
4
4
4
4
4
4
4
4
4
4
4
1
4
1
1
1
4
1
1
1
1
1
1
1
1
1
1
1
1
1
1
1
1
1
1
1
1
1
1
1
1
3
5
3
5
5
5
5
3
5
3
5
5
5
3
5
3
5
5
5
3
5
3
5
5
5
5
2
2
2
2
2
2
2
2
2
2
2
2
2
2
2
2
2
2
2
2
2
2
2
2
2
2