body_name oni
number_of_vertexes 306
number_of_polygons 293
number_of_colors 7
vertex_record x(float) y(float) z(float)
polygon_record number_of_vertexes(integer) index_of_vertex(integer) ... index_of_color(integer)
color_record red_intensity(float) green_intensity(float) blue_intensity(float)
end_header
0.7589 4.1416 -2.898
0.0 2.4135 0.13
-0.0419 -1.2951 -4.5136
0.4299 3.2713 -0.8016
-1.0921 -0.2311 -0.2364
-0.6987 -1.1355 -0.1824
-1.7049 1.5869 -0.5674
-0.8338 3.7428 -1.5104
1.0249 0.1152 -0.0972
-1.166 -4.3491 -2.0198
-1.0633 1.3323 -0.0248
0.7005 -0.7931 -0.1682
0.1973 0.0248 0.4429
-0.9308 -2.054 -1.4091
-2.638 0.15 -3.4264
0.3871 -2.0933 -1.3332
0.6783 -0.2349 0.0829
-1.868 -1.1618 -1.9682
1.3091 -0.0679 0.13
1.1569 -4.3491 -2.0198
0.2265 0.0601 0.4617
-0.219 0.0248 0.4429
-0.6546 0.0524 0.503
1.7179 4.21 0.9796
1.5394 -1.4294 -2.086
0.992 -0.7907 -0.3482
0.0 1.5788 0.0043
0.0 0.8265 1.1383
-1.8724 -0.641 -2.2804
-1.4293 4.443 0.8337
2.1932 -3.5253 -4.1848
0.6329 0.0408 0.2307
-0.419 0.1647 0.811
-0.3252 2.0704 -0.3412
-1.6124 -0.8616 -0.05
1.1515 1.744 -0.2662
0.8376 1.558 -0.0248
0.2769 1.566 -0.8645
-1.5758 2.0704 -0.3412
-1.331 1.0177 0.3264
1.7061 2.9403 -1.2107
1.3091 2.4135 0.13
0.5292 -0.0433 0.6413
1.3184 2.6003 -0.0119
1.4874 3.0918 -0.5026
0.4399 -1.8429 -1.098
-1.1118 -0.0324 -0.0818
-0.3252 0.8198 -0.3412
-0.9549 0.5761 0.4389
-0.2566 0.2381 0.4851
-0.26 1.7441 0.5214
0.9186 0.5306 -0.1174
-1.605 4.1165 1.1175
-0.048 -3.1912 -5.069
1.5758 2.0704 -0.3412
-1.4921 -0.7788 0.0241
1.0485 1.8985 -0.728
0.7015 1.7112 -0.0665
0.8376 1.3323 -0.0248
0.6314 -1.1703 0.2501
0.8216 -0.5345 0.0314
-0.5328 0.6681 -0.1578
-1.3675 -0.9751 -1.1796
2.1664 0.0993 -0.8016
0.008 -0.4552 -0.6018
0.0063 -0.3897 0.1935
1.3501 -0.6961 0.0265
-1.2613 -2.1346 -1.0788
-1.3696 -1.0805 -0.161
1.541 1.7591 -0.9942
-1.0633 1.558 -0.0248
2.3493 2.9292 -3.3668
-1.6564 0.6717 -5.6243
-1.3759 -1.7272 -2.2079
-0.236 0.1846 0.8379
1.0633 1.558 -0.0248
-0.8376 1.3323 -0.0248
-1.0896 1.9042 -0.7254
1.0901 -0.0324 -0.0818
2.2956 2.9675 -2.084
-1.8506 0.2819 0.2591
0.2664 0.7473 1.0427
1.5685 -0.7791 -3.0133
1.0273 -1.1618 0.0334
0.8338 3.7428 -1.5104
1.2549 -2.1346 -1.0788
1.3279 1.6771 0.285
1.569 -0.8399 -0.05
0.5328 0.6681 -0.1578
0.2355 0.2385 0.484
0.6343 -1.5053 -0.5491
-0.7033 3.3243 -0.4742
-0.209 -0.4402 0.4451
1.0485 1.2347 -0.8852
-1.0755 -1.225 0.2497
1.5758 0.8198 -0.3412
-1.3454 -1.302 -3.0202
0.4514 0.495 0.6651
0.4166 0.1657 0.8096
0.6509 1.8695 -0.5515
0.6418 0.2192 0.253
0.2782 1.3677 -0.4207
0.3252 0.8198 -1.2171
1.2648 -0.7449 -0.194
-0.5016 -4.3985 -1.9243
-0.9505 1.4451 0.0052
-0.9891 -1.168 0.0331
-1.3071 2.6237 0.0389
-0.531 0.0604 0.7179
1.5924 -0.6103 -1.3808
-2.1664 1.4587 -0.8016
-1.0488 -1.7986 -1.1837
0.2268 -0.4881 -0.5858
-1.0478 0.1565 0.4754
-0.5622 2.8706 0.0826
1.8129 0.2904 0.2626
0.9229 -1.1351 -0.2417
-0.7472 1.8365 -0.5565
-0.6647 0.2306 0.5261
1.1516 0.9927 -0.4442
-0.6781 0.0164 0.4891
-1.3091 -0.0679 0.13
-0.3252 0.8198 -1.2171
1.6775 -3.7765 -3.3971
0.2056 1.456 0.0779
1.5558 0.6717 -5.6243
2.415 0.4692 -1.7454
-0.2093 -0.3278 0.5681
0.0 1.7931 0.0
0.5216 -5.0e-4 0.6381
-0.5228 -0.0013 0.6386
-1.7377 -0.2109 -0.3358
-0.0448 -0.9204 -4.6023
1.8726 -0.3538 -0.9285
1.4443 4.2945 1.0141
-1.2189 0.9935 -0.4441
-0.5329 0.1769 0.6617
1.4361 -0.9611 -1.1747
0.9656 -2.1093 -0.1506
0.6774 0.0199 0.4895
-1.2203 -0.7638 -0.1928
-1.0249 0.1044 -0.0972
-1.3488 4.2014 1.1325
-0.2871 -0.6026 -0.3926
0.3252 0.8198 -0.3412
-1.7302 -3.765 -3.4295
2.8028 1.8995 -3.4954
-1.5516 -1.4294 -2.086
-0.8376 1.558 -0.0248
1.1131 -0.5322 -0.1487
0.4077 -0.0127 0.7873
-0.7222 -2.5375 -0.776
0.3273 0.0386 1.271
0.0065 -0.1444 1.0577
-1.4981 3.0609 -0.5209
-0.9653 -2.109 -0.1505
-1.5758 0.8198 -0.3412
-1.195 1.7447 -0.266
-0.2056 1.456 0.0779
-1.5758 0.8198 -1.2171
0.535 -2.4115 -1.0597
1.2199 -0.2306 -0.2516
-0.6194 -1.5114 -0.5526
-1.8714 -1.2601 -0.9255
0.6532 0.0557 0.5032
-0.4581 -1.5838 0.4441
-0.4028 -2.0933 -1.3332
1.195 1.0208 0.3262
1.0365 -1.7986 -1.1838
-0.568 -0.7925 -0.1785
0.4364 2.4135 0.13
-2.2892 -3.5253 -4.1848
1.717 -3.9378 -3.0249
0.0 0.0742 1.3191
-0.2354 -0.4884 -0.5858
-0.6545 0.0031 0.183
0.2251 -0.4149 0.2203
0.7596 1.4932 0.3942
-0.4089 -0.0135 0.7878
1.2628 -1.3092 -3.0059
-2.9151 1.817 -3.501
-4.0e-4 -0.4412 0.4659
-0.2845 1.3763 -0.4307
-0.2664 0.7473 1.0427
1.329 -1.599 -2.5037
1.5758 2.0704 -1.2171
0.0 -0.3278 0.5464
0.5305 0.1779 0.6603
-0.6213 -2.4408 -0.1153
1.6321 3.945 1.242
-0.8486 -0.6026 -0.6924
0.1876 -0.3278 0.5681
-1.6591 -0.7736 -3.0271
-0.0503 0.6717 -5.6243
1.7377 -0.2109 -0.3358
2.5304 0.1508 -3.4296
1.6876 -2.1664 -0.8016
-1.5553 -1.2742 -2.4493
1.3757 4.0242 1.2743
0.3004 -1.5861 0.1114
-0.5306 -0.2311 0.0634
0.9483 -0.5963 -0.6962
-0.7943 -1.1355 -0.2334
1.1127 -1.2169 0.2524
-1.5261 -0.8391 -0.4787
0.3252 2.0704 -0.3412
0.2611 1.7432 0.5217
0.8873 -1.1253 -0.0929
0.4923 -4.3985 -1.9242
-1.3346 1.6812 0.295
0.3252 2.0704 -1.2171
0.9545 0.586 0.4401
1.134 -1.6065 -0.9051
0.531 0.0604 0.7179
-0.4514 0.495 0.6651
-1.0842 -1.6142 -0.9104
-0.4523 -1.8429 -1.098
0.722 -2.5377 -0.776
-0.9186 0.5089 -0.1174
0.8307 -1.1358 -0.1847
0.6622 0.2341 0.5254
0.1952 -0.0347 0.8395
-1.3091 2.4135 0.13
-0.4017 -0.0578 0.8096
-0.7532 1.486 0.4264
0.9505 1.4451 0.0052
-1.7261 -3.9378 -3.0248
-0.2465 0.0599 0.4619
0.6545 0.0031 0.183
1.309 -1.7774 -0.1858
0.6363 -1.2461 0.4202
-1.3068 -0.7178 0.0265
0.6223 -2.441 -0.1154
-0.6174 -1.2523 0.4189
2.1664 1.4587 -0.8016
-0.0103 -1.0604 0.4611
-0.6336 0.0406 0.2309
-1.3092 -1.777 -0.1857
-0.0075 -1.4784 -0.3129
-1.8925 0.8688 0.3035
-1.5758 2.0704 -1.2171
1.5029 -0.7788 0.0241
-0.6766 -0.5314 0.0249
1.8616 -1.1618 -1.9682
1.5905 -0.8137 -0.4787
-1.5401 1.7648 -0.9917
1.3604 -1.7272 -2.2079
1.2308 0.4156 0.4046
-0.8702 -0.7925 -0.3399
0.9153 -2.054 -1.4091
-1.7026 4.3525 0.8177
0.2336 0.1856 0.8365
-0.1958 -0.0354 0.8398
-2.5014 -0.8614 -1.9947
-2.1664 0.5524 -0.8016
-1.5242 -0.6363 -1.3903
-0.5299 -0.0441 0.6417
-0.9788 -0.5314 -0.1365
1.8163 0.8804 0.3067
-1.8714 -0.3538 -0.9255
0.5827 3.2922 -4.9893
-0.3432 -1.586 0.1114
0.9795 -1.1246 -0.1498
-2.4277 0.4692 -1.7481
-0.3252 2.0704 -1.2171
-0.2371 -0.4149 0.2203
1.5758 0.8198 -1.2171
-2.1664 0.0993 -0.8016
0.2247 0.0072 0.8142
-0.6833 3.2922 -4.9893
-0.845 -1.1238 -0.1384
1.434 -1.0678 -0.161
-2.3915 2.803 -2.0659
-2.4365 2.761 -3.3909
1.0474 0.161 0.4766
-0.2852 1.5787 -0.8709
0.0 -0.1269 0.4429
2.1664 0.5524 -0.8016
1.5039 -1.2846 -2.4202
2.5014 -0.8614 -1.9947
-0.3273 0.0386 1.271
-1.1108 1.2405 -0.8827
-0.6437 0.2189 0.2541
1.709 1.5862 -0.5675
1.0633 1.3323 -0.0248
1.8188 -0.6412 -2.2407
0.5729 2.8307 0.0821
-0.4364 2.4135 0.13
-0.5416 -2.4113 -1.0597
-1.3792 -1.5899 -2.5294
0.4067 -0.6006 -0.3617
-0.4299 3.2713 -0.8016
-1.2958 0.4156 0.4046
0.4011 -0.0571 0.8092
0.692 3.3377 -0.4023
-0.8074 1.6681 -0.0748
0.4146 -1.5839 0.4441
-0.7494 -1.1238 -0.0873
1.8726 -1.2601 -0.9285
-1.6876 -2.1664 -0.8016
0.1873 -0.4402 0.4451
-0.8596 4.1416 -2.898
-2.0263 3.1045 -0.9435
-0.6223 -1.1764 0.2488
-3.0e-4 -1.181 0.6089
-0.2259 0.0064 0.8147
4 41 45 44 42 7
4 295 287 199 135 2
4 30 143 115 92 2
4 190 24 135 199 2
4 45 24 190 44 2
4 143 30 251 53 2
4 42 44 287 171 7
4 295 4 171 287 7
4 284 235 87 36 7
4 87 178 58 36 7
4 284 36 57 70 3
4 92 115 288 292 7
3 58 178 102 7
4 284 70 94 120 3
4 102 120 94 38 3
4 82 125 27 28 7
4 125 82 89 102 7
3 82 98 89 7
4 168 89 52 248 7
5 80 41 235 278 127 7
4 82 153 214 98 7
4 27 129 51 159 7
4 212 275 9 52 7
4 188 221 165 130 7
4 72 80 127 147 7
4 294 222 269 151 7
5 19 248 52 9 79 7
4 140 229 9 275 7
5 51 288 223 210 225 7
4 252 269 21 90 7
3 183 225 296 7
4 33 75 306 179 7
3 261 1 72 7
4 306 75 50 228 7
4 224 179 306 253 7
4 184 159 183 62 7
4 277 154 253 22 7
4 192 13 277 187 7
4 22 128 187 277 7
4 245 104 301 177 6
4 192 187 182 301 7
4 131 179 224 257 7
4 245 272 84 104 6
3 215 62 49 7
3 88 242 230 7
4 23 119 137 131 7
3 62 183 40 7
4 177 301 182 66 6
4 23 131 257 121 7
4 215 49 114 109 7
4 283 119 23 237 7
4 242 67 204 230 7
4 23 121 176 237 7
3 40 183 136 7
4 40 293 219 62 7
4 110 138 272 245 6
4 231 60 236 305 7
4 110 245 177 113 6
4 246 78 158 7 3
5 282 276 118 78 246 3
5 204 231 305 297 230 7
3 127 280 286 7
4 8 273 303 292 7
4 147 127 286 196 7
4 66 65 113 177 6
4 197 299 88 230 7
4 40 240 81 293 7
3 280 244 286 7
4 66 266 175 65 6
4 232 128 22 176 7
5 142 219 293 122 47 7
4 234 305 236 304 7
4 60 91 239 236 6
4 244 280 197 86 7
4 1 261 270 302 7
4 122 293 81 132 7
4 255 240 40 111 7
4 286 244 25 279 7
5 147 196 126 261 72 7
3 139 233 218 7
4 8 302 274 273 7
4 47 122 35 56 7
4 200 262 189 233 7
4 169 250 247 25 7
5 166 305 234 95 238 7
4 279 25 247 185 7
4 95 232 56 238 7
4 180 83 279 185 7
3 152 189 156 7
4 46 161 289 217 7
4 161 218 152 289 7
4 264 273 274 181 7
4 217 112 14 167 7
4 289 68 112 217 7
4 300 238 35 164 7
5 268 255 264 254 260 7
4 152 300 68 289 7
4 260 254 300 164 7
3 264 29 254 7
3 29 18 254 7
4 148 112 68 18 7
4 181 15 29 264 7
4 148 198 290 74 7
4 180 185 124 31 7
5 270 261 126 194 73 7
5 133 193 15 73 194 7
4 180 3 133 83 7
4 133 3 97 193 7
4 180 31 54 3 7
4 105 167 14 10 7
11 124 173 20 209 105 10 227 146 172 54 31 7
4 234 304 107 95 7
4 93 128 232 141 7
4 205 266 93 141 6
4 141 107 69 205 6
4 107 304 163 216 6
4 256 175 266 205 6
12 213 138 110 113 65 175 256 63 216 163 239 91 6
4 111 40 136 7 7
4 229 13 192 67 7
4 13 222 154 277 7
5 253 154 174 281 224 7
4 281 184 215 109 7
4 118 276 183 296 3
3 215 184 62 7
4 253 306 228 22 7
4 67 192 301 104 7
4 131 137 33 179 7
4 118 296 158 78 3
4 281 109 257 224 7
5 19 88 299 134 195 7
5 127 278 64 134 280 7
4 67 104 84 204 7
6 50 75 33 137 119 283 7
4 187 128 93 182 7
4 204 84 60 231 7
3 49 62 219 7
4 121 257 109 114 7
4 66 182 93 266 6
4 223 303 111 210 7
4 176 121 114 142 7
4 158 210 111 7 7
4 114 49 219 142 7
4 280 134 299 197 7
4 272 138 213 84 6
3 176 142 47 7
3 297 305 166 7
4 230 297 200 139 7
4 60 84 213 91 6
3 139 200 233 7
4 200 297 166 262 7
4 230 139 218 197 7
4 244 86 169 25 7
4 95 107 141 232 7
4 304 236 239 163 6
4 205 69 63 256 6
4 69 107 216 63 6
4 176 47 56 232 7
4 196 286 279 83 7
4 81 240 255 268 7
4 169 86 161 46 7
3 302 270 274 7
4 86 197 218 161 7
4 169 46 16 250 7
3 238 56 35 7
4 81 268 260 132 7
5 111 303 273 264 255 7
3 262 156 189 7
4 262 166 238 156 7
5 122 132 260 164 35 7
4 189 152 218 233 7
4 217 167 16 46 7
4 152 156 238 300 7
4 29 198 148 18 7
4 148 74 14 112 7
4 173 247 250 20 7
5 83 133 194 126 196 7
4 124 185 247 173 7
4 20 250 16 209 7
4 290 198 193 97 7
4 16 167 105 209 7
4 14 74 227 10 7
4 74 290 146 227 7
4 3 54 172 97 7
4 97 172 146 290 7
4 29 15 193 198 7
5 274 270 73 15 181 7
4 18 68 300 254 7
4 183 276 282 136 3
4 7 136 282 246 3
4 22 228 237 176 7
4 283 237 228 50 7
4 296 225 210 158 7
4 155 303 223 108 7
4 92 292 303 155 7
4 88 19 79 242 7
4 242 79 229 67 7
4 269 222 13 21 7
4 140 43 130 165 7
4 214 153 294 43 7
4 53 251 155 108 2
4 115 108 223 288 7
4 143 53 108 115 2
4 72 1 85 80 7
4 135 24 45 295 2
4 44 190 199 287 2
4 45 41 4 295 7
4 41 42 87 235 7
4 4 41 80 85 7
5 87 42 171 207 178 7
4 235 168 259 278 7
4 259 168 248 116 7
4 171 2 129 207 7
4 36 58 100 57 3
4 51 129 2 288 7
4 85 8 292 4 7
4 278 259 116 64 7
4 251 30 92 155 2
4 82 28 174 153 7
4 28 27 159 184 7
4 116 248 19 195 7
4 28 184 281 174 7
4 188 130 151 99 7
4 275 214 43 140 7
4 151 130 43 294 7
4 99 151 269 252 7
6 188 99 252 90 101 221 7
4 165 221 101 32 7
5 153 174 154 222 294 7
4 51 225 183 159 7
3 9 229 79 7
4 85 1 302 8 7
4 195 134 64 116 7
4 140 165 32 229 7
4 32 101 90 21 7
4 32 21 13 229 7
4 98 214 275 212 7
3 212 52 89 7
3 98 212 89 7
4 178 207 125 102 7
3 168 102 89 7
4 125 207 129 27 7
3 168 120 102 7
5 57 100 38 94 70 3
4 58 102 38 100 3
5 171 4 292 288 2 7
4 235 284 120 168 7
4 162 17 61 150 1
4 61 12 220 208 1
4 208 220 117 263 1
4 162 150 26 202 1
4 17 162 202 291 1
4 61 17 291 12 1
4 12 291 202 26 1
4 150 61 208 263 1
4 117 26 150 263 1
4 12 26 117 220 1
4 201 243 170 144 1
4 271 258 249 203 1
4 201 144 191 5 1
4 144 170 249 191 1
4 243 201 5 258 1
4 258 5 191 249 1
4 170 243 298 6 1
4 298 243 258 271 1
4 249 170 6 203 1
4 271 203 6 298 1
3 76 226 285 4
3 76 37 226 4
4 37 76 55 206 5
4 55 76 285 96 5
4 186 55 96 267 5
4 285 59 145 96 5
4 211 186 267 103 5
4 206 211 103 145 5
3 37 59 226 4
3 285 226 59 4
4 206 55 186 211 5
4 59 37 206 145 5
4 267 96 145 103 5
3 149 106 77 4
3 106 71 11 4
4 77 11 157 48 5
4 241 265 123 160 5
4 160 157 39 241 5
3 106 149 71 4
3 77 106 11 4
4 149 34 39 71 5
4 149 77 48 34 5
4 39 34 265 241 5
4 265 34 48 123 5
4 11 71 39 157 5
4 48 157 160 123 5
0.694054 0.71371 0.560859
0.996093 0.858747 0.43914
0.199976 0.196069 0.337321
0.0 0.0 0.0
1.0 1.0 1.0
0.152851 0.184349 0.337321
1.0 0.0 0.0