body_name penguin
number_of_vertexes 512
number_of_polygons 480
vertex_record x(float) y(float) z(float)
polygon_record number_of_vertexes(integer) index_of_vertex(integer) ... 
color_record red_intensity(float) green_intensity(float) blue_intensity(float)
end_header
-0.834076 -2.93597 0.943563
0.932803 -2.87481 0.93699
-0.047083 2.85078 1.35282
-0.882501 0.624745 -0.6763
-0.469486 -2.29318 -1.2142
0.339774 3.06903 0.361936
1.64119 -0.206782 0.744098
0.394234 2.67238 0.340071
1.89619 -0.397662 -0.515736
0.722875 -2.34563 0.277026
-0.335884 2.86044 0.730013
-1.18941 -1.03093 0.134839
-0.482096 -2.88393 0.939807
0.259022 2.93851 0.108681
0.449768 -2.84275 0.875286
0.676061 -2.91344 0.648993
0.216232 2.74294 0.919417
-0.65822 -2.88675 0.0595867
-0.928913 -2.39902 -0.186827
-0.259023 2.93851 0.108681
1.38914 0.495167 -0.534247
0.429513 1.79819 1.06871
0.628173 -2.94362 0.0591844
-0.739374 -2.88447 0.844836
-4.36765e-8 -1.08754 1.35148
-0.507582 -2.93624 0.0538188
-1.01516 -1.70511 0.502648
1.00698 0.300531 -0.785623
-2.17362e-7 2.83884 1.39856
-0.216232 2.74294 0.919417
-0.0690818 2.79015 1.2883
0.466267 -2.91371 0.64792
0.672841 1.75406 0.7166
-0.993702 -2.89318 0.821765
0.499265 -2.92806 0.937929
-0.836759 -2.98037 0.947185
-0.322336 -2.97286 0.943429
-0.319653 -2.92846 0.939807
1.17533 0.343993 0.0143818
-1.64146 0.440438 0.496209
0.406709 2.37741 -0.144439
0.904633 0.957947 -0.663691
0.193294 2.94481 0.642421
-1.5764 0.167197 -0.788843
1.43314 0.612136 -0.533576
-0.996519 -2.98105 0.848726
-1.34622 0.814418 -0.231763
-0.715497 -2.9349 0.157508
-0.687865 -2.67749 -1.14082
-1.08076 1.06258 0.361399
0.594236 -2.88353 0.937929
0.37854 2.84314 0.535646
0.236621 3.03039 0.692052
-0.723009 -2.34549 0.27716
0.258486 2.83415 0.669517
-0.657549 -2.91398 0.650871
1.62281 0.135943 -0.652289
-0.339774 3.06903 0.361936
0.753995 -2.97246 0.941551
0.362309 2.90457 0.708417
-0.124213 2.66943 1.09755
1.76889 -1.08808 -0.45497
-1.82352e-7 2.18679 1.24967
3.57081e-9 0.416696 -1.23365
0.240243 2.94253 0.52022
0.499265 -2.973 0.842959
-1.87852e-7 2.54119 1.0211
0.918987 -2.96213 0.43692
-0.305032 2.83871 0.543292
-0.155601 2.81644 0.983268
-1.06332 -1.98949 0.204457
-0.46895 -2.80385 0.638531
1.01127 -2.97246 0.941551
0.350774 -2.73249 -0.179717
0.430989 -2.93799 -1.33184
-0.530386 -2.91411 0.649933
1.01919 -0.977411 0.483734
-0.0973851 2.88539 1.31969
-1.87347e-7 3.1982 0.352546
0.803224 -2.91371 0.64792
4.09617e-8 -0.295582 -1.37677
0.67539 -2.88621 0.0577088
1.45662 0.314616 0.601374
0.877537 -1.95944 0.518745
-1.65447 -1.07627 0.0979504
0.00871916 -2.37688 -1.30769
-0.240646 3.03039 0.692052
1.10692 0.829173 -0.123245
-1.76339 -0.245146 0.627665
-0.989946 0.866732 -0.607487
-1.78029 -0.496254 -0.714932
0.67539 -2.96213 0.43692
1.9866 -0.902159 0.171727
0.756544 -2.88353 0.937929
-1.20669e-8 -1.61806 1.15886
0.932803 -2.973 0.842959
1.0495 0.801809 -0.59367
0.422672 -2.91733 0.439066
-0.432598 -2.84328 0.877164
0.442927 -2.40988 0.210359
0.65983 -2.75904 0.14946
0.722607 -2.94362 0.0591844
-3.81063e-8 1.12307 -0.986564
-0.832064 -0.0419254 1.14115
-0.834076 -2.98105 0.848726
0.418111 -2.973 0.842959
0.756544 -2.92806 0.937929
-0.464121 -2.81646 0.085878
-0.366736 2.90417 0.705198
7.20026e-8 -1.02557 -1.35692
4.10438e-8 -2.31491 0.640677
0.756544 -2.973 0.842959
-0.659427 -2.75958 0.146777
-1.26144 0.841112 0.211432
-1.17533 -0.346287 -0.105807
0.901146 -2.84275 0.875286
-2.16201e-7 2.99699 1.21385
-0.0653259 2.81564 1.33981
1.67633 0.38799 0.546377
-0.382565 2.84314 0.535646
-0.405502 -2.91773 0.440944
-0.820662 -2.96267 0.438798
2.25622 -1.4359 -0.194473
1.1713 -0.639649 0.201238
-1.46225 0.236279 -0.135854
-0.0729718 2.96024 1.29823
-0.7603 -2.3023 -0.876704
0.602687 -2.9679 0.0881584
-0.577066 -2.91907 0.497551
-0.310129 3.02771 0.506001
0.499265 -2.88406 0.842959
-0.739374 -2.92846 0.939807
-9.68458e-8 -0.0621803 1.54249
0.0423877 2.92402 1.37415
0.446414 2.58505 -0.0021174
0.594236 -2.96213 0.43692
-0.742057 -2.97286 0.936185
0.67539 -2.87481 0.93699
0.816907 -2.94362 0.0591844
-1.19303e-7 0.370016 1.62405
-1.67432 -1.18881 -0.550478
-0.672841 1.75406 0.716599
2.29646 -1.52912 -0.214593
0.816907 -2.94362 0.0544895
1.29659 0.7837 0.30211
-1.05943 1.07264 0.0684397
-1.4424 0.348822 0.512574
0.756544 -2.88406 0.842959
-0.880488 -2.85804 0.851007
0.929986 1.13595 0.747317
1.23904 0.79537 0.277831
-0.65822 -2.96267 0.438798
-1.34313 0.663914 -0.766844
1.00698 -0.361713 -0.925128
-1.91376 -1.03576 0.0980845
0.178539 2.78304 1.03357
1.18941 -0.330861 0.282257
-0.846417 0.41522 1.11969
1.01516 -1.70511 0.502648
0.103019 2.86326 1.26201
0.385113 -2.91371 0.64792
-0.943534 -2.85844 0.63558
1.00698 -1.04327 -0.915067
-0.831528 -2.89318 0.824179
1.08076 1.06258 0.361399
-1.08995e-7 2.15406 -0.395815
1.78056 -0.21255 0.690174
-0.848563 -2.81525 0.648457
-2.15615 -1.65428 -0.363085
0.336823 -2.973 0.842959
0.502351 -2.70472 0.213712
-0.867343 -2.91411 0.649933
-1.20516e-7 2.48042 -0.458592
0.364321 2.74159 0.73216
-0.937229 -2.43094 0.0527456
-1.19303 0.801272 0.191579
-0.400807 -2.97286 0.939807
0.185916 2.80678 0.963281
0.00871914 -1.69841 -1.33693
-0.996519 -2.89144 0.943563
-0.809663 -2.9349 0.156167
-0.433001 2.33891 0.35429
0.512948 -2.96213 0.43692
-0.103019 2.86326 1.26201
-0.577066 -2.92551 0.443493
0.334275 -2.97246 0.934307
0.756544 -2.92511 0.441615
0.720997 -1.0147 0.868042
0.594236 -2.973 0.842959
-0.576395 -2.91398 0.650871
0.768482 -2.91867 0.495539
-0.441854 -2.40975 0.20714
0.848832 -2.97246 0.934307
1.0157 -1.66742 -0.908226
0.213951 3.01577 0.683735
-0.905707 -2.91907 0.481052
0.972239 0.948423 -0.598231
-0.999067 -2.98037 0.940075
0.884513 -2.91371 0.64792
-1.63462 -0.963729 0.746244
-0.325556 2.19001 0.945306
-0.652318 -2.90995 0.255296
0.33186 2.86044 0.730013
-0.743532 -2.91907 0.4836
-0.198526 2.95233 0.643896
0.494571 -2.30807 -1.21903
-1.63612e-7 3.00263 0.00512611
-0.739374 -2.88393 0.939807
-0.721131 -1.0147 0.868177
-0.577066 -2.88393 0.939807
-0.304898 2.35192 0.644969
0.304898 2.35192 0.644969
0.151711 2.60906 1.00218
-0.877537 -1.95944 0.518745
0.00147561 -2.57447 0.0281982
1.01396 -2.92806 0.937929
0.336823 -2.92806 0.937929
-0.785116 -2.77179 0.0210889
0.499265 -2.88353 0.937929
-0.915364 -2.93141 0.985682
0.67539 -2.9235 0.979915
0.306105 3.02771 0.506001
-1.18941 0.369345 0.437859
-0.916036 1.71006 0.364619
0.628173 -2.94362 0.0544895
0.757215 -2.85039 0.651274
-0.400807 -2.87534 0.938868
-1.73428 -0.87788 0.802717
0.751313 1.60034 -0.363354
1.55038 0.360089 0.632226
0.325555 2.19001 0.945306
-0.565128 -2.91907 0.497551
-0.151711 2.60906 1.00218
1.01396 -2.88406 0.842959
-0.357078 -2.73409 -0.193265
-0.482096 -2.92846 0.939807
-1.17881 0.350431 0.120217
0.916035 1.71006 0.364619
-0.786993 -2.85563 0.661066
-0.482096 -2.88447 0.844836
-1.00376 -0.367078 -0.929689
0.155601 2.81644 0.983268
0.837832 -2.86756 0.440139
-0.998397 -0.97674 0.473271
-0.833674 1.6552 6.9951e-4
-1.9595 -1.64314 0.205798
0.594907 -2.85361 0.624312
0.490144 1.91449 -0.0968195
0.0851781 2.87077 1.28159
0.83193 -0.0419253 1.14102
1.17184 0.735812 0.257308
-2.07205 -1.63375 0.207542
0.851515 -2.973 0.842959
-0.576395 -2.85093 0.653152
0.833674 1.6552 6.99589e-4
1.8931 -0.882843 0.873542
0.660769 -2.74697 -1.0036
-0.705437 -2.94402 0.0563674
0.594236 -2.92806 0.937929
-0.912816 -2.61793 -0.146451
0.76969 -2.88621 0.0577089
-0.287326 3.01309 0.497685
0.67539 -2.86756 0.440139
-0.400807 -2.9239 0.981927
-0.824686 -2.86998 0.481052
-0.243328 2.95233 0.52089
-0.995043 -1.67279 -0.912787
-0.65822 -2.84328 0.877164
0.418111 -2.87481 0.93699
0.6715 -1.53999 0.650067
-0.482096 -2.97353 0.844837
0.594236 -2.92511 0.441615
-1.97936 -1.75569 -0.44263
-0.507582 -2.93638 0.0585136
-0.739374 -2.97353 0.844836
-0.305166 3.01779 0.682528
0.932803 -2.9235 0.979915
-0.167003 2.77473 0.99306
0.401344 2.85776 0.544097
-1.75239 -0.363054 -0.0243845
0.0771297 2.94173 1.23438
1.06332 -1.98949 0.204457
1.75561 0.202878 -0.628412
-1.07419 1.02636 -0.149268
-0.859563 1.11449 0.706941
-0.260096 2.83871 0.666297
-1.15118 0.822734 -0.253896
0.851515 -2.88353 0.937929
-0.577066 -2.92846 0.939807
4.49723e-9 -1.87346 1.03531
-0.75252 -2.94402 0.0563674
0.932803 -2.97246 0.937929
1.2369 0.734873 -0.145914
-0.785786 -2.96173 0.0818538
-0.405502 -2.95489 0.436249
0.418111 -2.97246 0.937929
0.913218 -2.61753 -0.146987
-1.12435 0.720923 0.253149
-2.15222e-7 2.82972 1.35872
-0.349969 3.01779 0.559523
-0.367943 -2.91411 0.649933
-0.585651 1.14749 1.1936
1.50236 -0.263121 0.718075
-2.14032 -1.54442 0.172532
2.26158 -1.59177 0.290708
1.61249 -0.933279 0.899028
-1.17533 -1.03013 -0.160804
-2.13434e-7 2.8045 1.34303
0.722607 -2.94362 0.0544895
-0.554799 -2.87897 0.0570381
0.391149 -2.85388 0.623239
0.757215 -2.91344 0.648993
-1.52731 0.403148 0.530414
0.0729714 2.96024 1.29823
1.71269 0.172831 -0.666642
-0.915364 -2.88285 0.942624
0.937229 -2.43094 0.0527457
0.851515 -2.88406 0.842959
0.0901412 2.85038 1.22083
-1.18941 -1.70552 0.136985
0.959765 -2.85388 0.623239
1.75414 -0.392296 -0.553831
-0.364322 2.74159 0.732159
-1.11496 -1.03522 0.329608
1.01396 -2.88353 0.937929
-0.313215 2.84582 0.721831
-0.751313 1.60034 -0.363354
-0.834076 -2.89144 0.943563
-0.405368 2.85776 0.544097
0.594236 -2.88406 0.842959
-0.513887 -1.81565 0.598825
-1.61544 0.19483 -0.759064
-0.754532 -2.91357 0.529476
2.26829 -1.4917 0.258381
-0.436086 -2.83282 -1.40239
-0.486656 -2.86019 0.439468
0.409392 2.90229 0.586082
-2.0919 -1.7463 -0.440886
-0.0901416 2.85038 1.22083
2.15441 -1.59807 0.29983
-0.65822 -2.97353 0.844836
-0.901816 -2.96267 0.438798
1.17533 -1.69707 -0.100307
1.18941 0.369345 0.437859
1.18941 -1.70552 0.136985
-1.4534 0.607978 -0.661813
-0.671768 -1.53959 0.649932
-1.39572e-7 2.72053 -0.262749
-0.185917 2.80678 0.963281
-0.495778 -2.96267 0.438798
0.0470826 2.85078 1.35282
-0.915364 -2.98037 0.943563
-2.19913e-7 3.01296 1.2828
0.67539 -2.84275 0.875286
-1.2652 0.634806 -0.764161
0.676061 -2.80331 0.637592
-1.18941 -0.330861 0.282257
0.0517774 2.88177 1.38609
-0.0771302 2.94173 1.23438
-0.65822 -2.94402 0.0563674
0.336823 -2.88353 0.937929
0.571969 -2.87843 0.0551602
1.17533 -0.346287 -0.105807
-1.91305e-7 2.43254 1.20876
0.0653255 2.81564 1.33981
0.652452 -2.90995 0.25543
2.42569e-8 -2.12819 0.837995
-1.95263e-7 2.62033 1.1115
-0.217976 3.01577 0.683735
-0.786055 -2.91411 0.649933
1.64857 -0.960643 0.212908
-1.75327e-7 1.77485 1.50091
-2.10092e-7 2.77848 1.29259
-0.65822 -2.97286 0.939807
1.11496 -1.03522 0.329609
-1.15775 0.312336 -0.514931
0.297118 3.01537 0.681053
0.67539 -2.973 0.842959
-0.799603 -2.94402 0.0563674
1.18941 -1.03093 0.134839
-1.52328 -0.30068 0.627799
0.851515 -2.92806 0.937929
0.591553 -2.97246 0.934307
-0.590078 2.03696 0.342888
-1.61316 -0.238707 0.654359
0.864794 -2.80331 0.636653
0.305434 2.83173 0.547316
0.846417 0.41522 1.11969
0.928913 -2.39902 -0.186827
0.0690814 2.79015 1.2883
0.3442 3.01296 0.558718
-0.394235 2.67238 0.340071
0.00871915 -2.03376 -1.31923
1.01396 -2.973 0.842959
-1.4821 0.123602 -0.784148
-2.10901e-7 2.98559 1.10399
0.503826 -2.85978 0.437591
-0.178539 2.78304 1.03357
0.547556 -2.85066 0.650335
-0.319653 -2.88393 0.939807
0.449902 -2.22235 0.353619
-0.738703 -2.91398 0.650871
-0.738703 -2.85415 0.62619
-0.56392 -2.94402 0.0563674
-0.319653 -2.97353 0.844837
0.524886 -2.93584 0.0566357
0.785787 -2.96173 0.0818539
-0.0851785 2.87077 1.28159
-1.56299 -0.525899 -0.668923
0.590077 2.03696 0.342888
-0.449097 -2.91411 0.649933
2.18928 -1.53556 -0.205338
1.78298 0.306702 -0.0627481
-0.0517779 2.88177 1.38609
-0.373845 -2.85428 0.625251
0.594907 -2.91344 0.648993
0.433001 2.33891 0.35429
1.53965 0.225145 -0.0254574
1.09846 0.862842 0.24215
-0.0347422 2.84475 1.39682
-0.0423881 2.92402 1.37415
-0.577066 -2.96267 0.438798
-2.12994e-7 3.08257 1.0549
-1.00376 0.295166 -0.790184
1.17533 -1.03013 -0.160804
-0.611003 -2.94416 0.0610623
-1.15051 -0.638978 0.190775
1.66869 -0.441794 -0.535722
-0.450573 -2.22262 0.353619
-1.54314 -0.413222 -0.0204944
-0.877671 -1.98359 -0.891593
0.0347418 2.84475 1.39682
0.76969 -2.94362 0.0544895
-1.6813 -0.479755 -0.743101
0.918987 -2.92511 0.441615
-1.65997 -1.19673 -0.562416
0.336823 -2.88406 0.842959
0.582432 -2.91867 0.495539
-1.41798 0.878939 0.203115
0.845344 0.738227 -0.614194
-0.40671 2.37741 -0.144439
-1.82429 -0.857625 0.736184
-0.611003 -2.94402 0.0563674
-0.76258 -2.88594 0.15563
0.67539 -2.97246 0.937929
0.463585 -2.81512 0.0929874
-1.05219 -1.9974 -0.0482611
0.283301 3.01309 0.497685
-1.71725 0.332456 -0.147792
0.30919 2.84582 0.721831
-0.65822 -2.87534 0.938868
-0.948497 -2.91411 0.649933
-0.17921 3.07788 0.75389
0.585651 1.14749 1.1936
0.17921 3.07788 0.75389
-0.577066 -2.97353 0.844836
-0.411673 2.90417 0.582058
1.58552 -0.352457 0.0912436
-0.501143 -2.70552 0.209286
1.39142 0.760896 -0.137329
-0.484778 -2.97286 0.936185
-0.904634 0.957947 -0.663691
-0.915364 -2.98105 0.848726
1.92355 -0.293838 0.0499287
0.58109 -2.94362 0.0544895
1.05219 -1.9974 -0.048261
1.03636 1.04071 0.100097
0.524886 -2.93584 0.0519409
0.898329 -1.97822 -0.887032
0.837832 -2.96213 0.43692
0.756544 -2.96213 0.43692
-0.996519 -2.93597 0.943563
-1.51669e-7 1.12482 1.6097
-0.446415 2.58505 -0.00211744
-0.65822 -2.9239 0.981927
-2.20804e-7 2.94964 1.3665
-0.319653 -2.88447 0.844837
0.167003 2.77473 0.99306
1.49833 0.566932 -0.513187
0.965667 -2.91371 0.64792
0.48612 -2.80331 0.636653
1.00805 1.14225 -0.0846128
0.418111 -2.9235 0.979915
-0.739374 -2.96267 0.438798
-0.429513 1.79819 1.06871
-0.65822 -2.86797 0.442017
-1.00376 -1.04864 -0.919628
0.547556 -2.91371 0.64792
-0.0402415 -2.85428 -1.51158
-0.400807 -2.97353 0.844837
0.67539 -2.94362 0.0544895
0.513752 -1.81565 0.598826
-1.81316 -1.17379 -0.513187
0.780957 -2.29694 -0.872143
1.85863 -1.05508 -0.437264
0.784847 -2.77139 0.0220279
-8.16537e-8 1.8104 -0.677641
0.0973847 2.88539 1.31969
0.756544 -2.91867 0.495539
0.496717 -2.97246 0.941551
-1.17533 -1.69707 -0.100307
-0.490144 1.91449 -0.0968196
0.803224 -2.85066 0.650335
1.99652 -1.04408 -0.434984
0.422672 -2.95435 0.434371
1.74501 -0.919865 0.913516
-0.577066 -2.88447 0.844836
-0.530386 -2.85106 0.652213
-0.657549 -2.80371 0.63947
-0.579749 -2.97286 0.943429
0.124213 2.66943 1.09755
-0.602552 -2.9679 0.0880242
4 126 421 476 353
4 184 78 408 339
4 29 420 118 308
4 134 351 249 314
4 351 358 498 249
4 308 373 390 365
4 70 359 117 396
4 249 498 160 319
4 70 396 423 453
4 31 184 398 61
4 398 278 349 30
4 117 281 242 396
4 373 31 61 368
4 453 423 79 58
4 368 61 233 67
4 160 390 511 156
4 281 319 478 242
4 319 160 156 478
3 178 242 478
4 511 368 67 213
4 364 67 233 211
4 201 63 364 211
4 423 455 6 79
4 372 63 201 485
5 455 242 178 17 174
3 485 201 142
4 392 58 20 474
4 58 79 207 20
4 213 67 364 212
4 201 211 182 384
4 142 201 384 224
4 455 174 8 6
4 182 392 474 441
4 364 63 231 212
4 372 22 231 63
4 182 441 502 384
4 348 207 14 135
5 245 224 384 502 327
4 176 298 146 114
3 231 22 33
4 473 454 22 372
4 385 313 40 89
5 245 284 146 50 224
4 50 146 298 223
5 439 114 146 284 47
4 147 313 385 381
4 173 348 135 41
4 439 47 449 40
4 89 442 228 385
4 89 40 449 280
4 417 410 248 41
4 200 381 385 228
4 231 33 238 410
4 327 502 166 497
6 237 223 298 176 287 376
5 47 284 90 153 346
4 346 332 449 47
5 245 327 462 90 284
4 473 140 388 454
4 442 89 280 155
4 287 125 395 355
4 381 200 85 430
4 153 355 395 44
3 442 155 304
4 280 449 332 91
4 228 442 304 252
3 200 246 85
4 332 44 434 91
4 395 409 434 44
4 409 430 85 141
4 91 434 436 493
4 436 434 409 141
4 169 493 436 338
4 252 338 273 246
4 357 223 237 115
4 166 248 229 497
5 410 238 255 229 248
4 462 327 497 103
5 104 357 427 244 209
4 140 133 250 388
4 150 454 388 344
5 165 467 482 255 238
3 165 150 344
4 151 467 419 251
4 250 133 25 188
5 4 462 103 64 424
4 251 419 88 293
5 229 255 482 197 42
4 115 241 487 307
4 214 27 320 71
4 293 88 97 21
4 119 230 7 167
5 45 197 482 460 479
4 21 45 315 57
4 45 479 283 315
4 458 418 57 428
4 464 9 283 413
4 371 458 428 62
3 93 256 334
4 464 93 504 9
4 495 322 9 504
4 504 93 334 123
4 495 504 123 143
4 305 340 412 143
4 42 197 97 440
4 344 388 250 157
6 88 419 39 28 440 97
4 424 64 81 241
4 331 214 54 429
4 363 39 344 157
5 188 77 124 157 250
4 218 175 19 260
4 124 77 375 380
4 54 175 218 113
4 28 39 363 154
4 241 81 110 487
4 294 218 108 512
5 157 124 380 425 363
4 345 380 375 159
4 192 235 215 111
4 363 425 163 154
4 260 19 127 49
4 159 84 282 345
4 425 380 345 343
4 111 215 74 100
4 466 343 345 282
4 267 179 393 431
4 163 425 343 194
4 366 171 446 128
4 393 179 194 469
4 466 389 494 469
4 74 215 489 75
4 297 74 75 257
4 215 235 335 489
4 496 297 389 317
4 260 49 335 235
5 366 407 496 101 171
4 218 260 235 108
5 4 355 153 90 462
4 174 212 417 8
3 285 50 223
4 114 313 147 176
4 285 223 158 302
4 473 302 158 140
4 212 231 410 417
4 8 417 41 135
4 502 441 173 166
4 158 104 133 140
4 287 176 147 125
4 166 173 41 248
4 158 223 357 104
4 150 33 22 454
4 381 430 125 147
3 4 287 355
4 424 376 287 4
4 165 238 33 150
4 104 209 25 133
4 324 244 427 12
5 357 115 307 12 427
3 347 209 244
5 237 376 424 241 115
4 419 467 165 344
4 27 347 244 324
4 103 497 229 42
4 27 324 12 320
4 25 209 347 95
5 482 467 151 145 460
4 12 307 501 320
4 251 83 230 151
3 419 344 39
4 27 214 331 347
4 119 145 151 230
4 95 347 331 290
4 71 320 501 447
5 64 103 42 440 28
4 188 25 95 270
4 501 307 487 267
4 290 331 429 367
4 214 71 175 54
3 188 270 77
4 71 447 19 175
4 95 290 492 270
4 111 367 429 192
4 447 501 267 431
5 429 54 113 459 192
4 81 64 28 154
4 77 270 159 375
4 492 290 367 401
5 459 113 218 294 202
4 127 19 447 431
4 459 108 235 192
4 270 492 84 159
4 401 367 111 100
4 10 84 492 401
4 110 81 154 163
4 267 487 110 179
4 10 317 282 84
5 10 401 100 171 101
4 171 100 74 446
4 110 163 194 179
3 366 128 407
4 446 496 407 128
4 466 282 317 389
4 49 127 5 335
4 101 496 317 10
5 127 431 393 86 5
4 446 74 297 496
5 393 469 494 206 86
4 86 489 335 5
4 389 297 257 494
4 206 494 257 75
4 86 206 75 489
4 194 343 466 469
3 202 294 512
4 459 202 512 108
4 293 418 83 251
4 230 83 303 7
4 460 145 119 413
4 21 97 197 45
4 303 83 418 458
4 303 306 506 7
4 293 21 57 418
4 167 7 506 256
4 119 167 464 413
4 479 460 413 283
4 303 458 371 306
4 167 256 93 464
4 57 315 322 428
4 322 315 283 9
3 340 306 371
4 428 322 495 62
4 305 506 306 340
4 305 334 256 506
4 371 62 412 340
4 62 495 143 412
4 123 334 305 143
4 332 346 153 44
4 395 125 430 409
4 200 228 252 246
4 155 280 91 493
4 304 155 493 169
4 304 169 338 252
4 246 273 141 85
4 141 273 338 436
4 173 441 474 348
3 70 349 278
4 476 299 351 134
4 476 421 3 299
3 3 414 299
4 414 78 118 420
4 126 353 117 359
4 353 476 134 314
4 414 420 29 299
4 358 299 29 432
4 359 339 408 126
3 358 351 299
4 78 184 31 118
4 353 314 281 117
4 432 29 308 365
4 308 118 31 373
4 358 432 365 498
4 314 249 319 281
4 160 498 365 390
4 184 339 278 398
4 359 70 278 339
5 453 323 30 349 70
4 61 398 30 233
4 373 368 511 390
4 423 396 242 455
4 453 58 392 323
4 30 323 211 233
4 156 17 178 478
4 511 213 17 156
4 323 392 182 211
4 17 213 212 174
4 207 79 6 14
4 473 372 485 302
4 302 485 142 285
4 474 20 207 348
4 224 50 285 142
4 439 40 313 114
4 6 8 135 14
4 421 126 408 3
4 408 78 414 3
4 472 220 316 180
5 472 180 34 46 198
4 316 220 1 328
4 220 352 36 1
4 316 328 164 149
4 132 137 374 475
5 132 208 24 275 137
4 164 105 370 239
4 13 236 264 227
4 264 236 461 177
4 227 264 38 400
4 507 456 190 254
5 168 239 333 204 265
4 402 403 204 484
4 172 452 342 122
4 227 400 477 99
4 38 264 177 37
4 271 240 508 76
4 271 76 411 490
4 415 477 405 301
5 508 72 336 185 232
4 181 196 265 444
4 265 204 48 444
4 181 379 342 196
4 444 291 379 181
4 204 486 18 48
4 258 484 122 291
4 152 484 258 360
4 185 336 310 426
4 426 310 404 443
4 295 350 404 26
4 274 121 295 26
5 422 76 508 232 185
4 456 341 56 190
4 24 403 402 275
4 374 341 456 510
4 13 227 99 240
4 162 168 265 196
4 268 507 254 509
4 341 275 402 56
4 196 342 452 162
4 36 352 463 105
4 162 34 149 168
4 208 451 268 24
4 374 137 275 341
4 268 509 403 24
5 289 510 456 507 210
5 13 240 271 461 236
4 240 99 72 508
4 177 461 271 490
4 37 177 490 405
4 415 72 99 477
5 486 509 254 129 185
5 129 254 190 422 185
4 422 190 56 152
4 411 76 422 350
4 72 415 121 336
4 301 411 350 295
4 415 301 295 121
4 18 486 185 426
4 360 443 422 152
4 18 426 443 360
4 336 121 274 310
4 404 310 274 26
4 350 422 443 404
4 48 18 360 258
4 444 48 258 291
4 342 379 291 122
4 405 490 411 301
4 152 56 402 484
4 220 472 198 352
4 180 316 149 34
4 352 198 46 463
5 164 328 1 36 105
4 132 475 451 208
4 46 34 162 452
4 463 46 452 172
4 164 239 168 149
4 475 289 210 451
4 451 210 507 268
4 475 374 510 289
4 463 172 370 105
4 403 509 486 204
4 484 370 172 122
5 400 38 37 405 477
5 239 370 484 204 333
4 217 483 269 361
4 361 269 15 437
4 483 217 186 296
4 170 437 311 161
4 311 437 15 481
4 138 221 107 94
4 189 416 16 378
4 161 311 98 505
4 325 2 277 216
5 66 131 219 35 500
4 500 296 106 66
4 51 138 354 330
4 221 259 383 445
5 51 330 189 383 259
4 170 161 32 106
4 15 131 399 481
4 354 138 94 148
4 189 378 445 383
4 107 221 445 59
4 399 131 66 488
4 292 277 382 193
5 288 318 253 193 382
4 226 148 112 312
4 116 234 321 386
4 321 234 394 480
4 386 321 435 243
4 98 397 362 406
4 183 465 225 136
4 225 465 362 23
4 263 187 102 82
4 491 82 102 309
4 433 470 471 309
4 243 435 139 261
4 68 470 433 144
4 139 144 433 261
4 23 82 491 225
4 362 465 468 406
5 312 471 187 499 226
4 330 354 356 247
4 330 247 416 189
5 94 107 59 112 148
4 445 378 112 59
4 288 382 277 2
4 116 318 288 2
4 356 354 148 226
4 378 16 312 112
4 292 193 253 96
4 277 292 73 216
4 96 253 80 199
4 96 199 480 394
5 80 503 191 187 471
4 312 16 92 471
5 191 503 386 243 187
4 199 80 471 470
4 480 199 470 68
4 505 98 406 468
4 68 435 321 480
4 183 505 468 465
4 397 272 23 362
4 23 272 263 82
4 92 136 225 491
4 92 491 309 471
4 243 261 102 187
4 435 68 144 139
4 309 102 261 433
5 263 356 226 499 187
4 16 416 136 92
5 399 488 136 272 438
5 217 361 437 170 186
4 269 483 35 219
4 269 219 131 15
4 186 170 106 296
4 35 483 296 500
4 51 259 221 138
4 106 32 488 66
4 98 311 481 397
5 397 481 399 438 272
4 247 272 136 416
4 116 2 325 234
4 116 386 503 318
4 318 503 80 253
4 488 32 183 136
4 263 272 247 356
5 325 216 73 394 234
4 394 73 292 96
4 161 505 183 32
4 377 43 55 60
4 43 377 391 65
4 377 60 337 391
4 55 43 65 387
4 60 55 387 337
4 65 391 337 387
4 109 276 300 457
4 276 109 286 205
4 300 276 205 266
4 457 300 266 69
4 109 457 69 286
4 286 69 266 205
4 195 450 203 53
4 203 450 52 279
4 195 53 222 448
4 53 203 279 222
4 450 195 448 52
4 448 222 279 52
4 369 87 11 326
4 329 130 262 120
4 11 87 130 329
4 87 369 262 130
4 326 11 329 120
4 369 326 120 262
0.450983 0.423514 0.199976
0.450983 0.423514 0.199976
0.450983 0.423514 0.199976
0.450983 0.423514 0.199976
0.450983 0.423514 0.199976
0.450983 0.423514 0.199976
0.450983 0.423514 0.199976
0.450983 0.423514 0.199976
0.274448 0.274448 0.274448
0.450983 0.423514 0.199976
0.274448 0.274448 0.274448
0.450983 0.423514 0.199976
0.450983 0.423514 0.199976
0.274448 0.274448 0.274448
0.274448 0.274448 0.274448
0.450983 0.423514 0.199976
0.450983 0.423514 0.199976
0.450983 0.423514 0.199976
0.274448 0.274448 0.274448
0.274448 0.274448 0.274448
0.274448 0.274448 0.274448
0.948968 0.941155 0.858747
0.274448 0.274448 0.274448
0.948968 0.941155 0.858747
0.274448 0.274448 0.274448
0.948968 0.941155 0.858747
0.274448 0.274448 0.274448
0.274448 0.274448 0.274448
0.274448 0.274448 0.274448
0.274448 0.274448 0.274448
0.274448 0.274448 0.274448
0.274448 0.274448 0.274448
0.274448 0.274448 0.274448
0.948968 0.941155 0.858747
0.948968 0.941155 0.858747
0.274448 0.274448 0.274448
0.274448 0.274448 0.274448
0.274448 0.274448 0.274448
0.274448 0.274448 0.274448
0.948968 0.941155 0.858747
0.948968 0.941155 0.858747
0.274448 0.274448 0.274448
0.274448 0.274448 0.274448
0.274448 0.274448 0.274448
0.274448 0.274448 0.274448
0.274448 0.274448 0.274448
0.274448 0.274448 0.274448
0.274448 0.274448 0.274448
0.274448 0.274448 0.274448
0.274448 0.274448 0.274448
0.274448 0.274448 0.274448
0.274448 0.274448 0.274448
0.274448 0.274448 0.274448
0.274448 0.274448 0.274448
0.274448 0.274448 0.274448
0.274448 0.274448 0.274448
0.274448 0.274448 0.274448
0.274448 0.274448 0.274448
0.948968 0.941155 0.858747
0.274448 0.274448 0.274448
0.948968 0.941155 0.858747
0.948968 0.941155 0.858747
0.274448 0.274448 0.274448
0.274448 0.274448 0.274448
0.274448 0.274448 0.274448
0.274448 0.274448 0.274448
0.948968 0.941155 0.858747
0.274448 0.274448 0.274448
0.274448 0.274448 0.274448
0.948968 0.941155 0.858747
0.274448 0.274448 0.274448
0.274448 0.274448 0.274448
0.274448 0.274448 0.274448
0.274448 0.274448 0.274448
0.948968 0.941155 0.858747
0.274448 0.274448 0.274448
0.274448 0.274448 0.274448
0.274448 0.274448 0.274448
0.948968 0.941155 0.858747
0.948968 0.941155 0.858747
0.948968 0.941155 0.858747
0.274448 0.274448 0.274448
0.274448 0.274448 0.274448
0.274448 0.274448 0.274448
0.948968 0.941155 0.858747
0.274448 0.274448 0.274448
0.274448 0.274448 0.274448
0.274448 0.274448 0.274448
0.274448 0.274448 0.274448
0.948968 0.941155 0.858747
0.274448 0.274448 0.274448
0.274448 0.274448 0.274448
0.274448 0.274448 0.274448
0.274448 0.274448 0.274448
0.274448 0.274448 0.274448
0.948968 0.941155 0.858747
0.274448 0.274448 0.274448
0.948968 0.941155 0.858747
0.274448 0.274448 0.274448
0.274448 0.274448 0.274448
0.274448 0.274448 0.274448
0.274448 0.274448 0.274448
0.274448 0.274448 0.274448
0.274448 0.274448 0.274448
0.274448 0.274448 0.274448
0.948968 0.941155 0.858747
0.274448 0.274448 0.274448
0.274448 0.274448 0.274448
0.948968 0.941155 0.858747
0.948968 0.941155 0.858747
0.948968 0.941155 0.858747
0.948968 0.941155 0.858747
0.948968 0.941155 0.858747
0.948968 0.941155 0.858747
0.274448 0.274448 0.274448
0.274448 0.274448 0.274448
0.803931 0.647052 0.470638
0.948968 0.941155 0.858747
0.948968 0.941155 0.858747
0.948968 0.941155 0.858747
0.274448 0.274448 0.274448
0.274448 0.274448 0.274448
0.948968 0.941155 0.858747
0.948968 0.941155 0.858747
0.948968 0.941155 0.858747
0.948968 0.941155 0.858747
0.274448 0.274448 0.274448
0.274448 0.274448 0.274448
0.803931 0.647052 0.470638
0.274448 0.274448 0.274448
0.274448 0.274448 0.274448
0.948968 0.941155 0.858747
0.948968 0.941155 0.858747
0.948968 0.941155 0.858747
0.948968 0.941155 0.858747
0.948968 0.941155 0.858747
0.803931 0.647052 0.470638
0.948968 0.941155 0.858747
0.274448 0.274448 0.274448
0.274448 0.274448 0.274448
0.274448 0.274448 0.274448
0.274448 0.274448 0.274448
0.948968 0.941155 0.858747
0.948968 0.941155 0.858747
0.274448 0.274448 0.274448
0.274448 0.274448 0.274448
0.274448 0.274448 0.274448
0.948968 0.941155 0.858747
0.948968 0.941155 0.858747
0.274448 0.274448 0.274448
0.948968 0.941155 0.858747
0.948968 0.941155 0.858747
0.948968 0.941155 0.858747
0.274448 0.274448 0.274448
0.274448 0.274448 0.274448
0.274448 0.274448 0.274448
0.948968 0.941155 0.858747
0.948968 0.941155 0.858747
0.948968 0.941155 0.858747
0.948968 0.941155 0.858747
0.274448 0.274448 0.274448
0.274448 0.274448 0.274448
0.948968 0.941155 0.858747
0.274448 0.274448 0.274448
0.948968 0.941155 0.858747
0.948968 0.941155 0.858747
0.274448 0.274448 0.274448
0.948968 0.941155 0.858747
0.274448 0.274448 0.274448
0.948968 0.941155 0.858747
0.948968 0.941155 0.858747
0.274448 0.274448 0.274448
0.948968 0.941155 0.858747
0.948968 0.941155 0.858747
0.274448 0.274448 0.274448
0.948968 0.941155 0.858747
0.274448 0.274448 0.274448
0.948968 0.941155 0.858747
0.948968 0.941155 0.858747
0.948968 0.941155 0.858747
0.948968 0.941155 0.858747
0.948968 0.941155 0.858747
0.948968 0.941155 0.858747
0.274448 0.274448 0.274448
0.948968 0.941155 0.858747
0.274448 0.274448 0.274448
0.948968 0.941155 0.858747
0.948968 0.941155 0.858747
0.803931 0.647052 0.470638
0.274448 0.274448 0.274448
0.948968 0.941155 0.858747
0.948968 0.941155 0.858747
0.948968 0.941155 0.858747
0.948968 0.941155 0.858747
0.274448 0.274448 0.274448
0.274448 0.274448 0.274448
0.948968 0.941155 0.858747
0.948968 0.941155 0.858747
0.948968 0.941155 0.858747
0.274448 0.274448 0.274448
0.803931 0.647052 0.470638
0.803931 0.647052 0.470638
0.948968 0.941155 0.858747
0.274448 0.274448 0.274448
0.948968 0.941155 0.858747
0.274448 0.274448 0.274448
0.948968 0.941155 0.858747
0.274448 0.274448 0.274448
0.274448 0.274448 0.274448
0.274448 0.274448 0.274448
0.274448 0.274448 0.274448
0.274448 0.274448 0.274448
0.274448 0.274448 0.274448
0.803931 0.647052 0.470638
0.803931 0.647052 0.470638
0.948968 0.941155 0.858747
0.274448 0.274448 0.274448
0.274448 0.274448 0.274448
0.274448 0.274448 0.274448
0.948968 0.941155 0.858747
0.274448 0.274448 0.274448
0.948968 0.941155 0.858747
0.274448 0.274448 0.274448
0.274448 0.274448 0.274448
0.274448 0.274448 0.274448
0.948968 0.941155 0.858747
0.274448 0.274448 0.274448
0.274448 0.274448 0.274448
0.274448 0.274448 0.274448
0.948968 0.941155 0.858747
0.274448 0.274448 0.274448
0.274448 0.274448 0.274448
0.274448 0.274448 0.274448
0.948968 0.941155 0.858747
0.274448 0.274448 0.274448
0.274448 0.274448 0.274448
0.274448 0.274448 0.274448
0.948968 0.941155 0.858747
0.274448 0.274448 0.274448
0.274448 0.274448 0.274448
0.274448 0.274448 0.274448
0.274448 0.274448 0.274448
0.948968 0.941155 0.858747
0.274448 0.274448 0.274448
0.274448 0.274448 0.274448
0.274448 0.274448 0.274448
0.450983 0.423514 0.199976
0.450983 0.423514 0.199976
0.450983 0.423514 0.199976
0.450983 0.423514 0.199976
0.450983 0.423514 0.199976
0.450983 0.423514 0.199976
0.450983 0.423514 0.199976
0.450983 0.423514 0.199976
0.450983 0.423514 0.199976
0.450983 0.423514 0.199976
0.450983 0.423514 0.199976
0.450983 0.423514 0.199976
0.450983 0.423514 0.199976
0.450983 0.423514 0.199976
0.450983 0.423514 0.199976
0.450983 0.423514 0.199976
0.450983 0.423514 0.199976
0.450983 0.423514 0.199976
0.450983 0.423514 0.199976
0.274448 0.274448 0.274448
0.274448 0.274448 0.274448
0.450983 0.423514 0.199976
0.274448 0.274448 0.274448
0.274448 0.274448 0.274448
0.274448 0.274448 0.274448
0.274448 0.274448 0.274448
0.274448 0.274448 0.274448
0.274448 0.274448 0.274448
0.274448 0.274448 0.274448
0.274448 0.274448 0.274448
0.948968 0.941155 0.858747
0.948968 0.941155 0.858747
0.274448 0.274448 0.274448
0.274448 0.274448 0.274448
0.274448 0.274448 0.274448
0.274448 0.274448 0.274448
0.450983 0.423514 0.199976
0.450983 0.423514 0.199976
0.803931 0.647052 0.470638
0.803931 0.647052 0.470638
0.803931 0.647052 0.470638
0.803931 0.647052 0.470638
0.803931 0.647052 0.470638
0.803931 0.647052 0.470638
0.803931 0.647052 0.470638
0.803931 0.647052 0.470638
0.803931 0.647052 0.470638
0.803931 0.647052 0.470638
0.803931 0.647052 0.470638
0.803931 0.647052 0.470638
0.803931 0.647052 0.470638
0.803931 0.647052 0.470638
0.803931 0.647052 0.470638
0.803931 0.647052 0.470638
0.803931 0.647052 0.470638
0.803931 0.647052 0.470638
0.803931 0.647052 0.470638
0.803931 0.647052 0.470638
0.803931 0.647052 0.470638
0.803931 0.647052 0.470638
0.803931 0.647052 0.470638
0.803931 0.647052 0.470638
0.803931 0.647052 0.470638
0.803931 0.647052 0.470638
0.803931 0.647052 0.470638
0.803931 0.647052 0.470638
0.803931 0.647052 0.470638
0.803931 0.647052 0.470638
0.803931 0.647052 0.470638
0.803931 0.647052 0.470638
0.803931 0.647052 0.470638
0.803931 0.647052 0.470638
0.803931 0.647052 0.470638
0.803931 0.647052 0.470638
0.803931 0.647052 0.470638
0.803931 0.647052 0.470638
0.803931 0.647052 0.470638
0.803931 0.647052 0.470638
0.803931 0.647052 0.470638
0.803931 0.647052 0.470638
0.803931 0.647052 0.470638
0.803931 0.647052 0.470638
0.803931 0.647052 0.470638
0.803931 0.647052 0.470638
0.803931 0.647052 0.470638
0.803931 0.647052 0.470638
0.803931 0.647052 0.470638
0.803931 0.647052 0.470638
0.803931 0.647052 0.470638
0.803931 0.647052 0.470638
0.803931 0.647052 0.470638
0.803931 0.647052 0.470638
0.803931 0.647052 0.470638
0.803931 0.647052 0.470638
0.803931 0.647052 0.470638
0.803931 0.647052 0.470638
0.803931 0.647052 0.470638
0.803931 0.647052 0.470638
0.803931 0.647052 0.470638
0.803931 0.647052 0.470638
0.803931 0.647052 0.470638
0.803931 0.647052 0.470638
0.803931 0.647052 0.470638
0.803931 0.647052 0.470638
0.803931 0.647052 0.470638
0.803931 0.647052 0.470638
0.803931 0.647052 0.470638
0.803931 0.647052 0.470638
0.803931 0.647052 0.470638
0.803931 0.647052 0.470638
0.803931 0.647052 0.470638
0.803931 0.647052 0.470638
0.803931 0.647052 0.470638
0.803931 0.647052 0.470638
0.803931 0.647052 0.470638
0.803931 0.647052 0.470638
0.803931 0.647052 0.470638
0.803931 0.647052 0.470638
0.803931 0.647052 0.470638
0.803931 0.647052 0.470638
0.803931 0.647052 0.470638
0.803931 0.647052 0.470638
0.803931 0.647052 0.470638
0.803931 0.647052 0.470638
0.803931 0.647052 0.470638
0.803931 0.647052 0.470638
0.803931 0.647052 0.470638
0.803931 0.647052 0.470638
0.803931 0.647052 0.470638
0.803931 0.647052 0.470638
0.803931 0.647052 0.470638
0.803931 0.647052 0.470638
0.803931 0.647052 0.470638
0.803931 0.647052 0.470638
0.803931 0.647052 0.470638
0.803931 0.647052 0.470638
0.803931 0.647052 0.470638
0.803931 0.647052 0.470638
0.803931 0.647052 0.470638
0.803931 0.647052 0.470638
0.803931 0.647052 0.470638
0.803931 0.647052 0.470638
0.803931 0.647052 0.470638
0.803931 0.647052 0.470638
0.803931 0.647052 0.470638
0.803931 0.647052 0.470638
0.803931 0.647052 0.470638
0.803931 0.647052 0.470638
0.803931 0.647052 0.470638
0.803931 0.647052 0.470638
0.803931 0.647052 0.470638
0.803931 0.647052 0.470638
0.803931 0.647052 0.470638
0.803931 0.647052 0.470638
0.803931 0.647052 0.470638
0.803931 0.647052 0.470638
0.803931 0.647052 0.470638
0.803931 0.647052 0.470638
0.803931 0.647052 0.470638
0.803931 0.647052 0.470638
0.803931 0.647052 0.470638
0.803931 0.647052 0.470638
0.803931 0.647052 0.470638
0.803931 0.647052 0.470638
0.803931 0.647052 0.470638
0.803931 0.647052 0.470638
0.803931 0.647052 0.470638
0.803931 0.647052 0.470638
0.803931 0.647052 0.470638
0.803931 0.647052 0.470638
0.803931 0.647052 0.470638
0.803931 0.647052 0.470638
0.803931 0.647052 0.470638
0.803931 0.647052 0.470638
0.803931 0.647052 0.470638
0.803931 0.647052 0.470638
0.803931 0.647052 0.470638
0.803931 0.647052 0.470638
0.803931 0.647052 0.470638
0.803931 0.647052 0.470638
0.803931 0.647052 0.470638
0.803931 0.647052 0.470638
0.803931 0.647052 0.470638
0.803931 0.647052 0.470638
0.803931 0.647052 0.470638
0.803931 0.647052 0.470638
0.803931 0.647052 0.470638
0.803931 0.647052 0.470638
0.803931 0.647052 0.470638
0.803931 0.647052 0.470638
0.803931 0.647052 0.470638
0.803931 0.647052 0.470638
0.803931 0.647052 0.470638
0.803931 0.647052 0.470638
0.803931 0.647052 0.470638
0.803931 0.647052 0.470638
0.803931 0.647052 0.470638
0.803931 0.647052 0.470638
0.803931 0.647052 0.470638
0.803931 0.647052 0.470638
0.803931 0.647052 0.470638
0.803931 0.647052 0.470638
0.803931 0.647052 0.470638
0.803931 0.647052 0.470638
0.803931 0.647052 0.470638
0.803931 0.647052 0.470638
0.803931 0.647052 0.470638
0.803931 0.647052 0.470638
0.803931 0.647052 0.470638
0.803931 0.647052 0.470638
0.0 0.0 0.0
0.0 0.0 0.0
0.0 0.0 0.0
0.0 0.0 0.0
0.0 0.0 0.0
0.0 0.0 0.0
0.0 0.0 0.0
0.0 0.0 0.0
0.0 0.0 0.0
0.0 0.0 0.0
0.0 0.0 0.0
0.0 0.0 0.0
0.948968 0.941155 0.858747
0.948968 0.941155 0.858747
0.948968 0.941155 0.858747
0.948968 0.941155 0.858747
0.948968 0.941155 0.858747
0.948968 0.941155 0.858747
0.948968 0.941155 0.858747
0.948968 0.941155 0.858747
0.948968 0.941155 0.858747
0.948968 0.941155 0.858747
0.948968 0.941155 0.858747
0.948968 0.941155 0.858747