body_name wasp
number_of_vertexes 498
number_of_polygons 437
vertex_record x(float) y(float) z(float)
polygon_record number_of_vertexes(integer) index_of_vertex(integer) ... red_intensity(float) green_intensity(float) blue_intensity(float)
end_header
-0.6867 2.4661 0.4395
3.0073 1.5412 -0.6151
-0.4335 1.421 1.5752
0.853 2.3098 -0.4028
-1.7062 2.6727 -1.5322
-2.6669 1.7751 -1.5195
0.1007 -3.1407 -0.6632
-3.0539 1.2046 0.8953
0.1392 1.7403 1.7342
0.9025 2.7893 1.2597
-1.847 3.0307 0.4402
-3.7031 -1.8041 -2.5113
-3.0349 1.934 0.1744
-2.3444 5.0963 -0.8843
-1.7274 2.6673 -0.5756
-1.8204 2.7142 0.1564
1.5958 3.07 0.5464
1.8633 2.6206 0.0985
-0.0976 -3.1407 -0.6632
-2.5066 2.2628 0.4477
0.2065 1.4169 1.5947
2.4847 2.0816 1.3312
1.8244 2.7142 -0.0028
3.0513 1.7751 -0.3329
-0.3042 2.7149 1.8829
-0.4109 1.2055 1.65
-0.5692 2.7275 0.7936
-0.9084 2.6713 -0.3783
-0.3612 2.6521 1.7171
3.0879 6.8236 -0.5392
2.3478 2.3542 1.1466
2.0247 2.5581 0.0686
-0.2057 2.6791 1.6017
-0.2065 1.474 1.7958
4.4737 -1.8041 -0.0747
2.822 1.6913 0.1063
2.2844 2.2662 1.3505
0.8513 3.1179 2.62
0.8904 3.0281 2.6518
0.5244 2.4329 0.4274
3.3137 1.7473 -0.1783
0.252 2.5828 1.9332
-2.6408 5.627 -0.9281
-1.6176 3.2642 0.6785
-0.8828 2.2163 0.1269
1.7886 0.5748 1.9271
2.218 1.1499 1.8873
3.4133 0.1916 0.8681
2.2842 3.3031 -2.8498
0.2291 1.2014 1.6696
0.5095 2.8245 1.0925
-2.727 2.0739 0.3834
0.8464 2.1621 0.3127
2.9616 1.6752 -0.3329
0.7048 2.3131 -0.0628
-2.0322 2.7609 0.1115
3.3137 1.7473 -0.6217
-0.2031 2.7401 2.022
-2.8089 1.4173 -1.2658
0.5692 2.0971 0.648
0.1388 2.6491 1.7217
1.7407 3.0023 0.3934
2.4864 2.065 1.1898
-1.886 2.8856 -0.6905
-0.2291 1.2055 1.65
0.7048 2.3131 -0.2415
-0.4955 2.5572 0.3432
-2.848 2.0964 0.4549
0.4335 1.5476 1.7967
3.0238 1.725 0.0888
3.1751 0.7851 0.3535
1.7168 3.2642 0.3601
-2.8857 1.8626 0.0811
1.8633 2.6206 -0.4028
-1.534 3.7435 -0.5958
-2.067 2.575 0.0733
-0.8443 2.3098 0.1215
0.8919 2.2163 0.0985
-0.3729 2.6263 1.6586
-0.6892 2.3131 0.1603
0.2065 1.4946 1.576
2.8661 1.7889 -0.1711
0.0 2.3794 1.7881
2.0133 2.7064 -0.4671
0.8636 2.3728 0.255
-2.9134 1.3368 -1.4383
4.0331 -0.4538 -0.1582
-2.0205 2.575 0.4045
0.5323 1.705 1.9014
-3.3906 -0.4538 -2.1896
-0.248 2.5862 1.9287
2.0133 2.7064 -0.3329
-1.527 2.7857 -1.6282
0.574 -1.6019 -2.2512
0.9446 3.1474 2.5883
2.1887 5.3993 0.2266
0.5444 2.533 -0.0573
0.9993 0.781 -2.2752
-1.5555 2.6673 -0.8131
-1.7974 2.9581 0.5465
-0.4884 2.6094 2.1135
2.8194 1.6943 -0.1412
-0.7314 2.3279 0.1905
1.9326 2.8856 -0.5466
0.1271 2.6234 1.6632
-2.5489 1.4173 -1.625
-0.2291 1.248 1.8269
-1.0 1.6 1.0
-2.7758 5.5626 -0.8601
-3.6491 -0.5612 -1.744
-3.0934 0.6619 -0.1653
2.0247 2.5581 -0.0289
-3.0957 1.2775 1.1826
-2.5524 3.5729 -2.5764
2.0571 2.575 -0.5194
0.853 2.3098 -0.3015
2.9616 1.6752 -0.4671
-0.8331 2.3728 0.3792
-0.3532 1.3165 1.5046
-2.528 2.2817 0.336
-0.287 -1.4369 -1.0504
0.2894 -1.7722 -1.8388
-0.8557 2.3728 0.2805
-0.0976 -1.9048 -1.548
1.0 1.6 -1.0
1.5932 3.2642 0.6708
-0.9129 2.1088 -0.0675
-2.8211 1.9542 0.3605
1.9285 2.8838 -0.1194
0.0367 1.0235 1.871
2.0262 5.4864 0.1505
-0.8743 2.1621 0.2232
2.9247 1.725 0.1988
4.2951 -0.4538 -0.458
-0.9054 2.2163 -0.2583
0.7063 2.0076 1.6502
-3.2023 6.8976 -0.4432
-1.0 3.18 -1.0
-1.6924 2.8838 -0.9429
-2.8125 2.334 0.5047
-1.0 2.1939 -1.7139
-2.2129 5.5064 0.2471
-0.682 2.3279 0.4062
-1.7625 2.6206 -0.7265
-3.0807 3.8336 -2.8152
-2.8001 1.3368 -1.5994
-1.0 0.781 -2.2752
-0.0976 -3.2558 -0.824
0.3028 1.6061 0.7574
2.2642 5.0005 -0.9138
-2.8325 1.9542 0.2637
-2.8239 1.7889 0.5191
1.6085 2.6175 -1.5499
1.1151 2.4329 -0.2137
0.9988 2.3926 0.2057
1.0 3.18 1.0
0.9634 2.2969 0.1857
2.4147 2.334 1.3575
-2.9973 1.934 0.4943
-3.0121 1.725 0.2804
0.9973 1.4874 -1.9946
1.8466 3.1609 0.4884
2.5993 2.1939 1.3628
2.3988 0.9773 1.5213
1.8244 2.7142 0.0985
-0.9329 2.7775 1.3157
3.0345 1.934 -0.1412
3.0345 1.934 0.1809
-1.7826 2.9581 0.4501
-4.0772 -1.8041 -1.979
3.409 1.6955 -0.1849
-2.5942 1.6752 -1.4669
1.9226 1.0867 1.5029
-1.8589 2.6206 0.1618
3.3946 1.4074 -0.4985
3.8235 -0.8191 -0.7253
-0.6154 3.1519 2.5828
-0.7087 3.1225 2.6146
-0.291 2.4915 1.7742
0.1958 2.7116 1.8876
0.1392 2.6489 1.9257
-3.943 4.9873 -3.0674
-2.5667 1.5412 -1.5779
-0.6696 3.0327 2.6465
2.7787 1.8817 -0.0289
0.1972 2.4625 1.72
3.0513 1.7751 -0.4671
-0.2065 1.5518 1.7772
-2.5083 5.0182 -0.8018
1.9236 2.6065 -0.3329
-1.7251 3.6523 -0.4996
2.3423 2.0981 1.1842
3.3946 1.4074 -0.3015
0.7048 2.3131 0.1585
2.4697 2.0943 0.9741
-0.1703 2.7571 1.8372
2.1688 1.1598 1.4946
0.5559 -1.249 -1.0482
0.7898 2.1088 -0.2415
1.7866 3.0307 0.643
-1.8784 3.7159 -0.6258
-0.1121 2.6517 1.9127
-2.7456 1.7751 -1.4108
-2.6753 2.1406 0.2005
-0.4619 2.069 1.1343
1.8633 2.6206 -0.0028
-3.0712 1.8626 0.346
-2.8024 1.2299 0.9208
1.889 2.6023 -0.0866
3.0073 1.5412 -0.1849
-0.8969 2.2163 0.0266
-1.8824 2.8838 -0.6676
1.9326 2.8856 -0.2534
-2.7061 3.476 -2.4941
3.8235 -0.8191 -0.0747
-2.5924 2.3542 0.3261
1.9285 2.8838 -0.1849
-0.5474 2.2651 -0.9851
-0.7173 2.7624 -0.4745
2.0899 2.6307 -0.0289
0.792 2.3279 0.0529
3.409 1.6955 -0.6151
2.7787 1.8817 0.0686
4.4737 -1.8041 -0.7253
-0.4109 1.248 1.8269
0.3549 2.5373 -0.1921
-2.8988 1.6913 0.3597
1.8244 2.7142 -0.4028
2.7382 3.6185 -3.1638
0.0 2.6351 1.6712
0.8919 2.2163 -0.0028
-2.9271 1.725 0.1591
2.2546 2.0943 1.2138
-2.6071 2.3542 0.4225
-2.0723 2.6307 0.2725
-1.7141 2.8856 -0.928
-3.5489 0.8363 -0.1327
0.4369 2.7366 2.0268
-0.2065 1.4988 1.5564
-1.8261 2.7064 -0.9109
-0.72 2.3131 -0.0589
2.0899 2.6307 0.0686
-2.5999 2.0943 0.5372
-1.9048 2.7064 -0.8022
-1.3806 4.2218 0.7237
3.0502 0.6619 0.5411
-0.8042 2.1088 -0.047
1.9236 2.6065 -0.4671
-1.0 2.3926 0.2057
2.0313 2.7609 -0.0866
-1.7983 2.575 -1.0159
-2.7708 2.3118 0.6038
-0.5921 -1.249 -1.0482
-0.4335 1.474 1.7958
-0.3555 2.8004 2.0219
0.3762 2.5413 1.7217
0.3859 2.6252 1.8877
-1.1894 4.3129 0.6274
-2.7708 2.1523 0.5681
-2.7564 1.8817 0.3529
-3.7774 -0.4538 -2.095
2.6298 2.334 1.1177
1.1351 2.0641 -0.4945
2.3406 2.1147 1.3255
0.7048 2.3131 -0.4628
1.6582 2.9941 0.5712
-0.2422 2.8298 1.9902
1.399 3.6837 -0.6175
1.7381 2.9581 0.5995
-3.1711 -0.8191 -2.1374
-0.8249 2.1621 0.4389
-2.7639 2.334 0.1863
0.7063 2.6988 1.7959
0.9011 2.3728 0.1609
-1.8337 3.0137 0.728
-2.8537 4.3704 -1.7169
-2.7 4.4673 -1.7992
-0.4884 1.7007 1.922
0.9456 2.0685 -0.6294
-0.7063 2.6988 1.7959
0.1633 1.0235 1.871
0.3437 2.7071 2.0585
-2.8115 1.3052 1.1846
-2.7677 1.8817 0.2561
2.0313 2.7609 0.1264
-0.1939 2.7049 1.6601
-0.1833 0.9981 1.7282
1.3109 4.1489 0.7126
-0.0567 0.9981 1.7282
2.2993 2.2817 1.1031
-2.1784 0.1531 1.4548
1.0007 1.4328 -0.075
-2.0073 2.7609 0.323
-0.5567 2.8198 1.1149
1.6956 2.9941 0.4771
-0.1833 1.0276 1.8515
0.4109 1.2014 1.6696
0.853 2.3098 0.0985
0.7898 2.1088 -0.4628
-1.705 2.6206 -0.8099
-3.7741 0.1916 -0.0452
0.1007 -1.9048 -1.548
0.2065 1.5476 1.7967
-2.7888 1.7473 -1.7986
2.2114 -0.1647 1.2154
3.2106 1.3368 -0.3015
-2.9507 1.4074 -1.7052
-1.0 0.473 -0.3556
-0.1238 2.5443 1.7173
-0.3028 2.4655 1.7157
0.3978 2.8263 1.9951
2.4467 3.2994 -2.7342
-0.7173 2.3131 -0.2014
2.6044 3.6216 -3.2591
0.4109 1.2439 1.8465
0.3297 2.7539 1.842
0.2943 2.6763 1.6064
-2.5427 2.2817 0.4324
0.4306 2.0722 1.1194
-2.049 5.5846 0.1645
-1.8063 2.7142 0.2567
-2.0189 2.5581 0.1681
2.0571 2.575 -0.1194
-0.8429 2.3131 -0.0193
0.7102 2.3279 0.2585
2.8439 1.9542 0.0686
1.1214 4.2505 0.6239
0.5692 2.7275 0.7936
0.2904 -1.4369 -1.0504
-1.8931 2.8838 0.3866
3.9883 -0.5612 -0.6714
-2.9541 3.9134 -2.883
2.7182 5.4452 -0.8974
0.0 0.704 2.1084
0.4335 1.4169 1.5947
0.8919 2.2163 -0.4028
-0.7063 2.0076 1.6502
-0.1121 1.743 1.7212
0.8919 2.2163 -0.3015
0.209 2.4884 1.7785
1.0046 -0.4868 -0.6363
-3.8164 5.0671 -3.1352
3.0905 1.8626 0.0309
-1.7804 3.1609 0.392
2.4267 4.9133 -0.8377
-3.1945 0.7851 0.0361
3.3773 0.6619 0.1778
2.8439 1.9542 -0.0289
-2.9395 2.1896 0.3566
0.8236 2.0369 1.2867
-1.7534 2.6065 -0.8583
-0.287 -1.7722 -1.8388
-1.0 1.4874 -1.9946
1.0 3.18 -1.0
-0.5692 2.0971 0.648
-2.7837 1.6943 0.4692
-3.4521 0.7851 0.1309
1.7991 3.0137 0.7528
2.921 1.6913 -0.0037
-1.866 2.6023 0.3064
0.4335 1.4698 1.8154
2.8741 1.8626 0.2712
0.3645 2.5154 1.6632
-0.0567 1.0276 1.8515
-0.5721 -1.6019 -2.2512
1.9228 3.0137 0.442
-2.5512 2.0943 0.2189
-1.0 3.18 1.0
0.0367 0.9939 1.7478
-2.8139 1.6913 0.2384
0.4335 1.4946 1.576
3.2218 6.7518 -0.4765
-2.8954 1.6955 -1.8089
3.2106 1.3368 -0.4985
1.0027 0.473 -0.3556
-0.9211 2.2969 0.2955
-1.6013 3.07 0.5552
1.5985 3.0023 0.5519
1.0 1.6 1.0
-1.6398 3.0023 0.4135
-3.5452 -0.8191 -1.6051
-3.0639 1.4074 -1.5441
2.0113 1.2231 1.6836
1.8633 2.6206 -0.3015
-0.8985 2.2969 0.3942
1.3309 3.9119 -1.1178
-0.7734 2.1088 0.1721
3.0176 1.4173 -0.6217
-0.5157 2.4509 -0.134
-1.9397 2.8838 0.0554
-0.5763 3.0622 2.6148
0.3061 2.702 1.6648
-3.3061 -0.5612 -1.8695
1.7044 3.1609 0.6469
3.5063 0.8363 0.5642
-0.3028 1.6061 0.7574
-1.6238 3.07 0.4564
-1.7305 2.7142 -0.7044
2.3644 2.2817 1.0305
3.7405 0.1916 0.5048
2.5844 5.5169 -0.9601
-0.7266 2.1521 -0.8892
-2.8141 1.5412 -1.226
0.1633 0.9939 1.7478
-2.9124 1.0298 0.803
-1.0 1.6 -1.0
-0.7872 2.1088 -0.2497
3.2092 0.8363 0.5999
-3.0673 6.962 -0.5112
0.3349 2.5345 0.3386
-0.8382 2.0267 1.3351
-2.6498 2.1298 0.4965
-0.9309 2.3098 -0.1528
2.0571 2.575 0.2151
3.4423 0.7851 0.2908
1.7368 2.6673 -0.2534
1.7368 2.6673 -0.5466
0.9837 3.0576 2.6201
0.3045 2.7969 2.0268
0.9954 2.1939 -1.7139
0.2065 1.4698 1.8154
0.3532 1.3165 1.5046
2.2087 4.4092 -2.3637
-0.8733 2.3098 -0.2362
-0.4335 1.4988 1.5564
-3.2584 0.8363 -0.2043
1.9285 2.8838 0.2151
-0.1141 2.6285 1.8831
-2.0836 2.6307 0.1757
-3.1428 1.6955 -1.457
3.2418 4.8174 -3.8324
-3.1814 0.5646 1.2167
2.8194 1.6943 0.1809
-0.695 2.338 -0.038
-0.7063 1.3165 1.5046
1.0012 0.0745 -2.5559
-3.0488 1.7473 -1.4395
1.419 2.6218 -1.6848
3.1079 4.8205 -3.9277
0.7063 1.3165 1.5046
-0.4335 1.5518 1.7772
1.889 2.6023 0.1264
-0.0976 -2.0199 -1.7089
-1.6923 3.2642 0.3525
1.9285 2.8838 -0.5194
-0.2065 1.421 1.5752
-1.6893 2.9941 0.4714
0.9256 2.5345 -0.3025
-1.672 3.0023 0.624
-1.9084 3.0137 0.4019
2.0462 4.413 -2.4793
0.9282 2.1621 0.1071
-3.3738 0.6619 0.2351
1.8517 3.0307 0.5705
-0.9629 2.2163 -0.1749
-1.8908 2.6023 0.0949
2.3781 1.0912 1.6583
-1.6729 2.7142 -0.7878
0.7898 2.1088 -0.0628
-0.1355 2.5183 1.6588
-1.8618 3.0307 0.5365
0.5323 2.6137 2.0929
2.4129 2.3542 1.074
-1.0 -0.4868 -0.6363
0.853 2.3098 -0.0028
1.1414 3.9163 -1.2526
2.6029 2.1577 1.0542
-1.0 0.0745 -2.5559
-1.8126 3.1609 0.6025
2.0571 2.575 -0.1849
-1.9882 2.575 -0.7406
1.8244 2.7142 -0.3015
-1.6991 3.8289 -0.7218
1.5885 3.5821 -0.5288
-2.6729 1.6752 -1.3582
-0.8584 2.3098 0.0212
-2.8213 1.6943 0.1493
-1.8321 2.6065 -0.7496
-2.6385 1.7889 0.2542
0.2291 1.2439 1.8465
-1.0 1.4328 -0.075
0.0 2.0987 2.0171
1.8032 2.9581 0.5269
-3.4937 0.1916 -0.4457
2.6498 1.7889 0.0692
-1.6666 2.9941 0.5701
-2.0075 2.5581 0.2649
3.0176 1.4173 -0.1783
0.1003 -2.0199 -1.7089
1.6333 3.07 0.4523
0.7898 2.1088 0.1585
-0.3163 2.7107 2.0538
2.2881 2.23 1.0419
3.7799 -0.5612 -0.3715
0.1003 -3.2558 -0.824
-2.657 1.2145 1.1768
-1.8448 2.6206 0.2621
0.926 2.2969 0.2798
4 155 292 161 420 1.0 0.502014 0.0
4 292 155 249 481 1.0 0.502014 0.0
4 292 375 98 161 0.0 0.0 0.0
4 308 375 292 481 0.0 0.0 0.0
4 341 375 308 464 1.0 0.502014 0.0
4 198 341 464 253 0.0 0.0 0.0
4 198 94 436 341 0.0 0.0 0.0
4 98 436 468 147 1.0 0.502014 0.0
4 329 121 124 302 1.0 0.502014 0.0
4 302 124 19 7 0.0 0.0 0.0
3 7 19 148 0.0 0.0 0.0
4 148 443 489 495 0.0 0.0 0.0
4 443 124 121 352 1.0 0.502014 0.0
4 436 94 365 468 0.0 0.0 0.0
4 122 352 365 94 1.0 0.502014 0.0
4 161 98 147 353 0.0 0.0 0.0
4 420 161 353 141 1.0 0.502014 0.0
4 155 420 141 249 0.0 0.0 0.0
4 249 141 353 481 1.0 0.502014 0.0
4 98 375 341 436 1.0 0.502014 0.0
4 481 353 147 308 0.0 0.0 0.0
4 198 253 121 329 1.0 0.502014 0.0
4 198 329 122 94 1.0 0.502014 0.0
4 122 329 302 489 1.0 0.502014 0.0
4 121 253 365 352 1.0 0.502014 0.0
4 253 464 468 365 0.0 0.0 0.0
4 122 489 443 352 1.0 0.502014 0.0
4 489 302 7 495 0.0 0.0 0.0
3 495 7 148 0.0 0.0 0.0
4 19 124 443 148 0.0 0.0 0.0
4 464 308 147 468 1.0 0.502014 0.0
4 156 368 108 379 1.0 0.502014 0.0
4 156 379 125 354 1.0 0.502014 0.0
4 368 156 354 138 1.0 0.502014 0.0
4 108 368 138 406 1.0 0.502014 0.0
4 125 379 108 406 1.0 0.502014 0.0
4 125 406 138 354 1.0 0.502014 0.0
3 83 273 230 1.0 0.502014 0.0
4 136 273 83 482 1.0 0.502014 0.0
3 83 230 280 1.0 0.502014 0.0
4 136 60 328 273 1.0 0.502014 0.0
4 337 482 83 280 1.0 0.502014 0.0
4 422 136 482 334 1.0 0.502014 0.0
3 337 435 119 1.0 0.502014 0.0
6 440 422 119 435 396 149 1.0 0.502014 0.0
4 334 482 337 119 1.0 0.502014 0.0
5 230 273 328 27 280 1.0 0.502014 0.0
3 440 136 422 1.0 0.502014 0.0
4 136 440 149 60 1.0 0.502014 0.0
3 422 334 119 1.0 0.502014 0.0
4 280 27 355 337 1.0 0.502014 0.0
6 60 149 396 355 27 328 1.0 0.502014 0.0
4 355 396 435 337 1.0 0.502014 0.0
4 34 188 441 254 0.0 0.0 1.0
4 441 188 239 425 0.0 0.0 1.0
4 34 107 65 446 0.0 0.0 1.0
4 296 364 107 225 0.0 0.0 1.0
4 239 446 3 425 0.0 0.0 1.0
4 107 364 289 65 0.0 0.0 1.0
4 287 296 225 26 0.0 0.0 1.0
4 254 3 26 225 0.0 0.0 1.0
4 188 34 446 239 0.0 0.0 1.0
4 34 254 225 107 0.0 0.0 1.0
4 296 287 289 364 0.0 0.0 1.0
4 65 26 3 446 0.0 0.0 1.0
4 289 287 26 65 0.0 0.0 1.0
4 254 441 425 3 0.0 0.0 1.0
4 101 202 294 166 0.0 0.0 1.0
4 294 202 338 205 0.0 0.0 1.0
4 166 294 205 411 0.0 0.0 1.0
4 202 101 278 338 0.0 0.0 1.0
4 101 166 411 278 0.0 0.0 1.0
4 338 278 411 205 0.0 0.0 1.0
4 181 462 10 51 0.0 0.0 1.0
4 10 462 89 350 0.0 0.0 1.0
4 51 10 350 319 0.0 0.0 1.0
4 462 181 9 89 0.0 0.0 1.0
4 9 319 350 89 0.0 0.0 1.0
4 181 51 319 9 0.0 0.0 1.0
4 258 320 142 245 0.0 0.502014 1.0
4 142 320 409 137 0.0 0.502014 1.0
4 409 43 109 137 0.0 0.502014 1.0
4 142 137 109 189 0.0 0.502014 1.0
4 320 258 75 14 0.0 0.502014 1.0
4 75 258 67 219 0.0 0.502014 1.0
4 189 14 75 191 0.0 0.502014 1.0
4 191 75 219 28 0.0 0.502014 1.0
4 258 245 1 67 0.0 0.502014 1.0
4 14 43 409 320 0.0 0.502014 1.0
4 109 43 14 189 0.0 0.502014 1.0
4 245 142 189 191 0.0 0.502014 1.0
4 67 1 28 219 0.0 0.502014 1.0
4 191 28 1 245 0.0 0.502014 1.0
4 434 389 473 201 0.0 0.502014 1.0
4 389 434 402 218 0.0 0.502014 1.0
4 93 218 402 5 0.0 0.502014 1.0
4 201 276 214 5 0.0 0.502014 1.0
4 342 332 145 182 0.0 0.502014 1.0
4 473 389 218 93 0.0 0.502014 1.0
4 434 201 5 402 0.0 0.502014 1.0
4 201 473 277 276 0.0 0.502014 1.0
4 277 473 93 114 0.0 0.502014 1.0
4 93 5 214 114 0.0 0.502014 1.0
4 277 114 332 342 0.0 0.502014 1.0
4 342 182 276 277 0.0 0.502014 1.0
4 114 214 145 332 0.0 0.502014 1.0
4 214 276 182 145 0.0 0.502014 1.0
4 372 30 131 96 0.0 0.502014 1.0
4 154 474 288 40 0.0 0.502014 1.0
4 40 288 327 410 0.0 0.502014 1.0
4 410 327 268 448 0.0 0.502014 1.0
4 30 372 333 401 0.0 0.502014 1.0
4 372 96 345 333 0.0 0.502014 1.0
4 131 30 401 150 0.0 0.502014 1.0
4 401 333 345 150 0.0 0.502014 1.0
4 96 131 327 288 0.0 0.502014 1.0
4 96 288 474 345 0.0 0.502014 1.0
4 131 150 268 327 0.0 0.502014 1.0
4 268 150 345 474 0.0 0.502014 1.0
4 268 474 154 448 0.0 0.502014 1.0
4 154 40 410 448 0.0 0.502014 1.0
4 431 439 451 423 0.0 0.502014 1.0
4 386 423 451 466 0.0 0.502014 1.0
4 431 423 312 229 0.0 0.502014 1.0
4 97 386 466 226 0.0 0.502014 1.0
4 312 423 386 153 0.0 0.502014 1.0
4 263 153 386 97 0.0 0.502014 1.0
4 263 97 226 279 0.0 0.502014 1.0
4 438 49 312 153 0.0 0.502014 1.0
4 263 279 438 153 0.0 0.502014 1.0
4 314 229 312 49 0.0 0.502014 1.0
4 439 431 229 314 0.0 0.502014 1.0
4 451 439 314 49 0.0 0.502014 1.0
4 451 49 438 466 0.0 0.502014 1.0
4 466 438 279 226 0.0 0.502014 1.0
4 377 44 275 486 1.0 0.502014 0.0
4 377 118 123 397 1.0 0.502014 0.0
4 377 486 385 118 1.0 0.502014 0.0
4 397 447 450 444 1.0 0.502014 0.0
4 103 143 271 132 1.0 0.502014 0.0
4 123 103 132 376 1.0 0.502014 0.0
4 376 447 397 123 1.0 0.502014 0.0
4 44 377 397 444 1.0 0.502014 0.0
4 118 143 103 123 1.0 0.502014 0.0
4 118 385 271 143 1.0 0.502014 0.0
4 376 385 486 447 1.0 0.502014 0.0
4 132 271 385 376 1.0 0.502014 0.0
4 275 44 444 450 1.0 0.502014 0.0
4 486 275 450 447 1.0 0.502014 0.0
4 252 259 412 20 1.0 0.502014 0.0
4 412 259 113 283 1.0 0.502014 0.0
4 52 412 283 208 1.0 0.502014 0.0
4 291 113 8 432 1.0 0.502014 0.0
4 432 8 208 405 1.0 0.502014 0.0
4 259 252 349 68 1.0 0.502014 0.0
4 204 52 68 349 1.0 0.502014 0.0
4 20 412 52 204 1.0 0.502014 0.0
4 252 20 204 349 1.0 0.502014 0.0
4 291 496 283 113 1.0 0.502014 0.0
4 259 68 8 113 1.0 0.502014 0.0
4 68 52 208 8 1.0 0.502014 0.0
4 283 496 405 208 1.0 0.502014 0.0
4 291 432 405 496 1.0 0.502014 0.0
4 380 449 100 169 1.0 0.502014 0.0
4 380 169 11 344 1.0 0.502014 0.0
4 234 318 100 461 1.0 0.502014 0.0
4 11 169 120 216 1.0 0.502014 0.0
4 120 318 243 367 1.0 0.502014 0.0
4 243 140 272 367 1.0 0.502014 0.0
4 380 344 469 449 1.0 0.502014 0.0
4 449 469 461 100 1.0 0.502014 0.0
4 469 344 11 461 1.0 0.502014 0.0
4 169 100 318 120 1.0 0.502014 0.0
4 461 11 216 234 1.0 0.502014 0.0
4 243 318 234 140 1.0 0.502014 0.0
4 216 272 140 234 1.0 0.502014 0.0
4 216 120 367 272 1.0 0.502014 0.0
4 313 424 413 324 1.0 0.502014 0.0
4 324 413 455 127 1.0 0.502014 0.0
4 313 324 127 407 1.0 0.502014 0.0
4 212 398 458 139 1.0 0.502014 0.0
4 413 398 144 455 1.0 0.502014 0.0
4 458 424 135 300 1.0 0.502014 0.0
4 135 455 144 300 1.0 0.502014 0.0
4 212 471 144 398 1.0 0.502014 0.0
4 212 139 251 471 1.0 0.502014 0.0
4 135 407 127 455 1.0 0.502014 0.0
4 424 313 407 135 1.0 0.502014 0.0
4 413 424 458 398 1.0 0.502014 0.0
4 139 458 300 251 1.0 0.502014 0.0
4 251 300 144 471 1.0 0.502014 0.0
4 236 64 15 99 1.0 0.502014 0.0
4 478 244 203 475 1.0 0.502014 0.0
4 478 475 172 351 1.0 0.502014 0.0
4 240 351 172 6 1.0 0.502014 0.0
4 203 6 304 437 1.0 0.502014 0.0
4 6 172 106 304 1.0 0.502014 0.0
4 15 64 244 478 1.0 0.502014 0.0
4 99 15 478 351 1.0 0.502014 0.0
4 64 236 240 244 1.0 0.502014 0.0
4 236 99 351 240 1.0 0.502014 0.0
4 203 244 240 6 1.0 0.502014 0.0
4 475 203 437 59 1.0 0.502014 0.0
4 475 59 106 172 1.0 0.502014 0.0
4 59 437 304 106 1.0 0.502014 0.0
4 430 403 183 373 1.0 0.502014 0.0
4 403 430 382 86 1.0 0.502014 0.0
4 146 86 110 393 1.0 0.502014 0.0
4 307 146 393 90 1.0 0.502014 0.0
4 393 270 12 90 1.0 0.502014 0.0
4 381 110 261 170 1.0 0.502014 0.0
4 90 12 170 261 1.0 0.502014 0.0
4 183 403 86 146 1.0 0.502014 0.0
4 373 183 146 307 1.0 0.502014 0.0
4 430 373 307 382 1.0 0.502014 0.0
4 393 110 381 270 1.0 0.502014 0.0
4 86 382 261 110 1.0 0.502014 0.0
4 307 90 261 382 1.0 0.502014 0.0
4 270 381 170 12 1.0 0.502014 0.0
4 476 77 80 241 1.0 0.502014 0.0
4 80 77 45 387 1.0 0.502014 0.0
4 77 476 16 321 1.0 0.502014 0.0
4 45 77 321 497 1.0 0.502014 0.0
4 476 211 174 16 1.0 0.502014 0.0
4 390 16 174 76 1.0 0.502014 0.0
4 241 80 387 247 0.0 0.0 1.0
4 476 241 247 211 1.0 0.502014 0.0
4 45 211 247 387 1.0 0.502014 0.0
4 390 330 321 16 1.0 0.502014 0.0
4 321 330 88 497 1.0 0.502014 0.0
4 211 45 497 174 1.0 0.502014 0.0
4 88 330 390 76 1.0 0.502014 0.0
4 174 497 88 76 1.0 0.502014 0.0
4 56 293 360 456 1.0 0.502014 0.0
4 487 322 456 360 0.0 0.0 1.0
4 56 456 322 429 1.0 0.502014 0.0
4 128 235 429 151 1.0 0.502014 0.0
4 260 128 159 356 1.0 0.502014 0.0
4 151 284 477 13 1.0 0.502014 0.0
4 360 293 235 487 1.0 0.502014 0.0
4 235 293 56 429 1.0 0.502014 0.0
4 487 235 128 260 1.0 0.502014 0.0
4 322 487 260 284 1.0 0.502014 0.0
4 151 429 322 284 1.0 0.502014 0.0
4 159 128 151 13 1.0 0.502014 0.0
4 284 260 356 477 1.0 0.502014 0.0
4 356 159 13 477 1.0 0.502014 0.0
4 479 152 227 370 1.0 0.502014 0.0
4 207 152 479 73 1.0 0.502014 0.0
4 227 152 207 160 1.0 0.502014 0.0
4 73 479 370 232 1.0 0.502014 0.0
4 370 227 357 346 1.0 0.502014 0.0
4 232 370 346 426 1.0 0.502014 0.0
4 227 160 237 357 1.0 0.502014 0.0
4 346 111 484 426 1.0 0.502014 0.0
4 453 357 237 301 1.0 0.502014 0.0
4 237 426 484 301 1.0 0.502014 0.0
4 207 73 232 160 1.0 0.502014 0.0
4 346 357 453 111 1.0 0.502014 0.0
4 160 232 426 237 1.0 0.502014 0.0
4 111 453 301 484 1.0 0.502014 0.0
4 361 69 303 421 0.0 0.0 1.0
4 69 361 335 371 0.0 0.0 1.0
4 361 421 480 315 0.0 0.0 1.0
4 361 315 297 335 0.0 0.0 1.0
4 81 371 335 21 0.0 0.0 1.0
4 335 297 50 21 0.0 0.0 1.0
4 480 130 281 315 0.0 0.0 1.0
4 315 281 404 297 0.0 0.0 1.0
4 130 369 404 281 0.0 0.0 1.0
4 303 69 371 81 0.0 0.0 1.0
4 480 50 369 130 0.0 0.0 1.0
4 369 50 297 404 0.0 0.0 1.0
4 421 21 50 480 0.0 0.0 1.0
4 421 303 81 21 0.0 0.0 1.0
4 126 358 366 72 1.0 0.502014 0.0
4 358 126 17 266 1.0 0.502014 0.0
4 366 358 266 295 1.0 0.502014 0.0
4 17 85 498 266 1.0 0.502014 0.0
4 17 490 274 85 1.0 0.502014 0.0
4 157 498 53 452 1.0 0.502014 0.0
4 85 274 221 325 1.0 0.502014 0.0
4 452 53 325 221 1.0 0.502014 0.0
4 126 72 490 17 1.0 0.502014 0.0
4 72 366 295 490 1.0 0.502014 0.0
4 266 498 157 295 1.0 0.502014 0.0
4 295 157 274 490 1.0 0.502014 0.0
4 498 85 325 53 1.0 0.502014 0.0
4 274 157 452 221 1.0 0.502014 0.0
4 31 158 262 463 1.0 0.502014 0.0
4 31 200 269 290 1.0 0.502014 0.0
4 463 399 483 454 1.0 0.502014 0.0
4 399 290 269 483 1.0 0.502014 0.0
4 200 394 378 269 1.0 0.502014 0.0
4 378 394 162 62 1.0 0.502014 0.0
4 162 394 200 454 1.0 0.502014 0.0
4 158 31 290 233 1.0 0.502014 0.0
4 399 195 233 290 1.0 0.502014 0.0
4 463 262 195 399 1.0 0.502014 0.0
4 262 158 233 195 1.0 0.502014 0.0
4 31 463 454 200 1.0 0.502014 0.0
4 62 162 454 483 1.0 0.502014 0.0
4 62 483 269 378 1.0 0.502014 0.0
4 163 37 264 22 1.0 0.502014 0.0
4 164 173 197 457 1.0 0.502014 0.0
4 197 173 46 383 1.0 0.502014 0.0
4 164 457 47 305 1.0 0.502014 0.0
4 46 305 47 383 1.0 0.502014 0.0
4 467 63 192 493 1.0 0.502014 0.0
4 163 22 63 467 1.0 0.502014 0.0
4 37 163 467 493 1.0 0.502014 0.0
4 264 37 493 192 1.0 0.502014 0.0
4 47 457 63 22 1.0 0.502014 0.0
4 22 264 383 47 1.0 0.502014 0.0
4 63 457 197 192 1.0 0.502014 0.0
4 264 192 197 383 1.0 0.502014 0.0
4 173 164 305 46 1.0 0.502014 0.0
4 414 427 165 18 1.0 0.502014 0.0
4 414 18 206 323 1.0 0.502014 0.0
4 18 78 231 206 1.0 0.502014 0.0
4 78 298 194 491 1.0 0.502014 0.0
4 194 298 465 55 1.0 0.502014 0.0
4 491 194 55 459 0.0 0.0 1.0
4 427 414 323 129 1.0 0.502014 0.0
4 427 129 23 165 1.0 0.502014 0.0
4 18 165 298 78 1.0 0.502014 0.0
4 23 465 298 165 1.0 0.502014 0.0
4 23 206 231 465 1.0 0.502014 0.0
4 231 78 491 459 1.0 0.502014 0.0
4 465 231 459 55 1.0 0.502014 0.0
4 129 323 206 23 1.0 0.502014 0.0
4 242 326 348 220 1.0 0.502014 0.0
4 32 242 285 442 1.0 0.502014 0.0
4 32 112 185 223 1.0 0.502014 0.0
4 285 250 209 442 1.0 0.502014 0.0
4 32 442 209 112 0.0 0.0 1.0
4 167 168 433 102 1.0 0.502014 0.0
4 433 223 185 102 1.0 0.502014 0.0
4 326 168 167 348 1.0 0.502014 0.0
4 168 326 223 433 1.0 0.502014 0.0
4 285 242 220 250 1.0 0.502014 0.0
4 32 223 326 242 1.0 0.502014 0.0
4 348 167 102 185 1.0 0.502014 0.0
4 220 112 209 250 1.0 0.502014 0.0
4 220 348 185 112 1.0 0.502014 0.0
4 343 362 133 70 1.0 0.502014 0.0
4 400 395 408 48 1.0 0.502014 0.0
4 400 48 246 347 1.0 0.502014 0.0
4 133 362 485 36 1.0 0.502014 0.0
4 343 70 359 82 1.0 0.502014 0.0
4 359 36 485 82 1.0 0.502014 0.0
4 70 133 408 395 1.0 0.502014 0.0
4 362 343 82 485 1.0 0.502014 0.0
4 70 395 415 359 1.0 0.502014 0.0
4 408 133 36 71 1.0 0.502014 0.0
4 36 359 415 71 1.0 0.502014 0.0
4 395 400 347 415 1.0 0.502014 0.0
4 48 408 71 246 1.0 0.502014 0.0
4 71 415 347 246 1.0 0.502014 0.0
4 470 217 472 384 1.0 0.502014 0.0
4 470 384 74 115 1.0 0.502014 0.0
4 384 339 336 74 1.0 0.502014 0.0
4 339 116 66 199 1.0 0.502014 0.0
4 66 116 4 265 1.0 0.502014 0.0
4 199 66 265 299 1.0 0.502014 0.0
4 217 470 115 445 1.0 0.502014 0.0
4 217 445 228 472 1.0 0.502014 0.0
4 384 472 116 339 1.0 0.502014 0.0
4 228 4 116 472 1.0 0.502014 0.0
4 228 74 336 4 1.0 0.502014 0.0
4 336 339 199 299 1.0 0.502014 0.0
4 4 336 299 265 1.0 0.502014 0.0
4 445 115 74 228 1.0 0.502014 0.0
4 92 24 187 84 1.0 0.502014 0.0
4 190 92 213 416 1.0 0.502014 0.0
4 190 248 117 54 1.0 0.502014 0.0
4 213 104 417 416 1.0 0.502014 0.0
4 190 416 417 248 1.0 0.502014 0.0
4 57 41 488 388 1.0 0.502014 0.0
4 488 54 117 388 1.0 0.502014 0.0
4 24 41 57 187 1.0 0.502014 0.0
4 41 24 54 488 1.0 0.502014 0.0
4 213 92 84 104 1.0 0.502014 0.0
4 190 54 24 92 1.0 0.502014 0.0
4 187 57 388 117 1.0 0.502014 0.0
4 84 248 417 104 1.0 0.502014 0.0
4 84 187 117 248 1.0 0.502014 0.0
4 171 193 175 222 1.0 0.502014 0.0
4 193 171 210 306 1.0 0.502014 0.0
4 171 222 2 210 1.0 0.502014 0.0
4 175 193 87 134 1.0 0.502014 0.0
4 374 175 134 331 1.0 0.502014 0.0
4 306 374 331 494 1.0 0.502014 0.0
4 35 215 176 224 1.0 0.502014 0.0
4 222 175 374 2 1.0 0.502014 0.0
4 306 210 2 374 1.0 0.502014 0.0
4 193 306 494 87 1.0 0.502014 0.0
4 87 494 215 35 1.0 0.502014 0.0
4 215 494 331 176 1.0 0.502014 0.0
4 134 87 35 224 1.0 0.502014 0.0
4 331 134 224 176 1.0 0.502014 0.0
4 391 177 178 184 0.0 0.0 1.0
4 178 177 267 255 0.0 0.0 1.0
4 391 184 492 58 0.0 0.0 1.0
4 267 58 428 196 0.0 0.0 1.0
4 492 91 428 58 0.0 0.0 1.0
4 196 428 309 286 0.0 0.0 1.0
4 428 91 179 309 0.0 0.0 1.0
4 91 25 29 179 0.0 0.0 1.0
4 29 79 310 179 0.0 0.0 1.0
4 177 391 58 267 0.0 0.0 1.0
4 184 178 255 492 0.0 0.0 1.0
4 255 267 196 25 0.0 0.0 1.0
4 492 255 25 91 0.0 0.0 1.0
4 25 196 286 29 0.0 0.0 1.0
4 286 309 460 33 0.0 0.0 1.0
4 286 33 79 29 0.0 0.0 1.0
4 309 179 310 460 0.0 0.0 1.0
4 79 33 460 310 0.0 0.0 1.0
4 418 95 38 39 0.0 0.0 1.0
4 95 418 238 311 0.0 0.0 1.0
4 316 311 238 257 0.0 0.0 1.0
4 419 180 42 282 0.0 0.0 1.0
4 316 257 256 392 0.0 0.0 1.0
4 180 316 392 61 0.0 0.0 1.0
4 42 340 256 257 0.0 0.0 1.0
4 340 61 105 186 0.0 0.0 1.0
4 38 95 311 419 0.0 0.0 1.0
4 418 39 282 238 0.0 0.0 1.0
4 39 38 419 282 0.0 0.0 1.0
4 419 311 316 180 0.0 0.0 1.0
4 42 257 238 282 0.0 0.0 1.0
4 317 392 256 363 0.0 0.0 1.0
4 42 180 61 340 0.0 0.0 1.0
4 105 61 392 317 0.0 0.0 1.0
4 256 340 186 363 0.0 0.0 1.0
4 317 363 186 105 0.0 0.0 1.0